compound	predicted	actual
DTXSID0020076	0	0
DTXSID0020020	0	0
DTXSID0020072	1	1
DTXSID0020105	0	0
DTXSID0020022	1	0
DTXSID0020070	0	0
DTXSID0020232	0	1
DTXSID0020107	0	0
DTXSID0020238	1	0
DTXSID0020151	0	0
DTXSID0020280	0	0
DTXSID0020288	0	0
DTXSID0020311	0	0
DTXSID0020153	0	0
DTXSID0020155	1	1
DTXSID0020157	0	0
DTXSID0020363	0	0
DTXSID0020444	0	0
DTXSID0022307	0	0
DTXSID0024341	0	0
DTXSID0026171	0	0
DTXSID0027983	0	1
DTXSID0027856	0	0
DTXSID0027852	0	0
DTXSID0027858	0	0
DTXSID0027933	0	0
DTXSID0028618	0	0
DTXSID0052124	0	0
DTXSID1025934	0	0
DTXSID1027390	0	0
DTXSID1027924	0	0
DTXSID1027899	0	0
DTXSID1027926	1	1
DTXSID2021446	0	0
DTXSID2025216	0	0
DTXSID2028723	0	0
DTXSID2044894	0	0
DTXSID3024861	1	0
DTXSID3025465	1	0
DTXSID3026302	0	0
DTXSID3032412	0	0
DTXSID3039240	1	1
DTXSID3046742	0	0
DTXSID4021391	1	1
DTXSID4022521	0	0
DTXSID4024858	0	0
DTXSID4025082	0	0
DTXSID4027866	0	0
DTXSID4035708	1	1
DTXSID4047707	0	0
DTXSID4049408	1	0
DTXSID5027932	0	0
DTXSID5041302	0	0
DTXSID6024701	1	1
DTXSID6026292	0	0
DTXSID6027921	1	1
DTXSID6027925	0	1
DTXSID6046896	0	0
DTXSID7020215	0	0
DTXSID7025130	0	0
DTXSID7026314	0	1
DTXSID7027386	0	0
DTXSID7027388	0	0
DTXSID7027837	0	0
DTXSID7041708	1	0
DTXSID8025466	0	0
DTXSID8027377	0	0
DTXSID8047470	0	0
DTXSID9020794	0	0
DTXSID9023833	0	0
DTXSID9026267	1	0
DTXSID9027863	0	0
DTXSID0020494	0	0
DTXSID0020446	1	1
DTXSID0020282	0	0
DTXSID0020284	0	1
DTXSID0020286	0	0
DTXSID0020440	0	0
DTXSID0020369	0	0
DTXSID0020442	0	0
DTXSID0020498	0	0
DTXSID0020365	1	1
DTXSID0020529	0	0
DTXSID0020573	1	0
DTXSID0020604	0	0
DTXSID0020606	0	0
DTXSID0020575	0	0
DTXSID0020577	0	0
DTXSID0020602	0	0
DTXSID0020652	0	0
DTXSID0020656	0	0
DTXSID0020737	0	0
DTXSID0020810	0	0
DTXSID0020654	0	0
DTXSID0020733	0	0
DTXSID0020814	1	1
DTXSID0020818	1	0
DTXSID0020862	1	0
DTXSID0020941	0	0
DTXSID0021094	0	0
DTXSID0020943	0	0
DTXSID0021123	0	0
DTXSID0021096	0	0
DTXSID0021121	1	1
DTXSID0021206	0	0
DTXSID0021127	1	1
DTXSID0021129	0	0
DTXSID0021179	0	0
DTXSID0021254	0	0
DTXSID0021256	0	0
DTXSID0021337	0	0
DTXSID0021258	0	0
DTXSID0021331	0	1
DTXSID0021385	1	1
DTXSID0021387	0	0
DTXSID0021389	0	0
DTXSID0021333	1	1
DTXSID0021418	0	0
DTXSID0021462	1	1
DTXSID0021410	1	0
DTXSID0021414	0	0
DTXSID0021709	0	0
DTXSID0021751	0	0
DTXSID0021464	1	1
DTXSID0021757	0	0
DTXSID0021620	0	0
DTXSID0021626	0	0
DTXSID0021886	0	0
DTXSID0021915	0	0
DTXSID0021759	0	0
DTXSID0021832	0	0
DTXSID0021836	1	1
DTXSID0021963	0	1
DTXSID0021965	0	0
DTXSID0021961	0	0
DTXSID0022193	0	0
DTXSID0022301	1	0
DTXSID0022305	0	0
DTXSID0022014	0	0
DTXSID0022640	0	0
DTXSID0022644	0	0
DTXSID0022018	0	0
DTXSID0022060	0	0
DTXSID0022432	1	0
DTXSID0022519	0	0
DTXSID0022563	0	0
DTXSID0022935	0	0
DTXSID0023036	0	0
DTXSID0022646	0	0
DTXSID0022690	1	0
DTXSID0022725	1	0
DTXSID0022854	1	0
DTXSID0022858	0	0
DTXSID0022777	1	1
DTXSID0022933	1	0
DTXSID0022981	0	0
DTXSID0023030	1	0
DTXSID0022800	0	0
DTXSID0022808	1	1
DTXSID0022850	0	0
DTXSID0023038	0	0
DTXSID0023163	0	0
DTXSID0023169	1	0
DTXSID0023240	0	0
DTXSID0023296	1	1
DTXSID0023298	0	0
DTXSID0023323	0	0
DTXSID0023329	0	0
DTXSID0023244	0	0
DTXSID0023292	0	0
DTXSID0023371	1	1
DTXSID0023373	1	1
DTXSID0023377	0	0
DTXSID0023612	0	0
DTXSID0023616	0	0
DTXSID0023745	0	0
DTXSID0023458	1	1
DTXSID0023618	1	0
DTXSID0023660	1	0
DTXSID0023747	0	0
DTXSID0023581	0	0
DTXSID0023587	0	0
DTXSID0023749	0	0
DTXSID0023826	0	0
DTXSID0023870	0	0
DTXSID0023878	1	1
DTXSID0023901	0	0
DTXSID0023907	1	0
DTXSID0023909	1	1
DTXSID0023951	0	0
DTXSID0023955	0	0
DTXSID0024052	0	0
DTXSID0024266	1	1
DTXSID0024000	0	0
DTXSID0024002	1	1
DTXSID0024216	0	0
DTXSID0024507	0	0
DTXSID0024470	0	0
DTXSID0024345	0	0
DTXSID0024474	0	0
DTXSID0024478	0	0
DTXSID0024501	0	0
DTXSID0024503	1	0
DTXSID0024505	0	0
DTXSID0024397	0	0
DTXSID0024509	0	0
DTXSID0024555	1	0
DTXSID0024559	1	0
DTXSID0024638	1	0
DTXSID0024715	0	0
DTXSID0024761	0	0
DTXSID0024971	0	0
DTXSID0024977	0	0
DTXSID0024979	0	0
DTXSID0025070	0	0
DTXSID0025367	0	0
DTXSID0025440	0	0
DTXSID0025234	1	0
DTXSID0025286	0	0
DTXSID0025315	1	1
DTXSID0025494	0	0
DTXSID0024890	0	0
DTXSID0024896	0	0
DTXSID0024921	0	0
DTXSID0025654	1	1
DTXSID0025733	0	0
DTXSID0025527	0	0
DTXSID0025737	0	0
DTXSID0025571	0	0
DTXSID0025789	1	1
DTXSID0025600	1	1
DTXSID0025604	0	0
DTXSID0025814	0	0
DTXSID0025818	0	0
DTXSID0025862	0	0
DTXSID0025864	0	0
DTXSID0025866	0	0
DTXSID0025997	1	1
DTXSID0026098	1	1
DTXSID0026202	1	1
DTXSID0026204	1	0
DTXSID0026208	1	1
DTXSID0026252	1	0
DTXSID0026838	0	0
DTXSID0026676	1	1
DTXSID0026701	0	0
DTXSID0026339	1	0
DTXSID0026830	0	0
DTXSID0026888	0	0
DTXSID0026418	0	0
DTXSID0026547	0	0
DTXSID0026549	0	0
DTXSID0027066	0	0
DTXSID0027149	0	0
DTXSID0027191	0	0
DTXSID0026967	0	0
DTXSID0026961	0	0
DTXSID0027143	0	0
DTXSID0027222	0	0
DTXSID0027438	0	0
DTXSID0027432	0	0
DTXSID0027486	0	0
DTXSID0027561	0	0
DTXSID0027436	0	0
DTXSID0027515	0	0
DTXSID0027309	0	0
DTXSID0027721	1	0
DTXSID0027771	1	0
DTXSID0027802	0	0
DTXSID0028030	0	0
DTXSID0027981	0	0
DTXSID0028038	0	1
DTXSID0027806	0	0
DTXSID0029218	0	0
DTXSID0029260	0	0
DTXSID0029187	0	0
DTXSID0029688	0	0
DTXSID0029761	0	0
DTXSID0029559	0	0
DTXSID0032029	0	0
DTXSID0032077	0	0
DTXSID0032314	0	0
DTXSID0032493	1	1
DTXSID0032497	0	0
DTXSID0032520	1	1
DTXSID0032601	1	0
DTXSID0032572	1	1
DTXSID0032605	1	0
DTXSID0032651	1	1
DTXSID0032813	0	0
DTXSID0032869	0	0
DTXSID0032998	0	0
DTXSID0032655	1	1
DTXSID0033047	0	0
DTXSID0033334	1	0
DTXSID0033382	1	1
DTXSID0033469	0	0
DTXSID0033960	1	1
DTXSID0034229	0	0
DTXSID0034192	0	0
DTXSID0034300	0	0
DTXSID0034227	0	0
DTXSID0034223	1	1
DTXSID0034518	0	0
DTXSID0034803	0	0
DTXSID0034851	0	1
DTXSID0034855	1	0
DTXSID0034930	0	0
DTXSID0034936	0	0
DTXSID0035160	0	0
DTXSID0034722	0	0
DTXSID0034776	1	1
DTXSID0035790	0	0
DTXSID0036508	0	0
DTXSID0037023	0	0
DTXSID0037495	0	0
DTXSID0037522	1	1
DTXSID0037570	0	0
DTXSID0037576	0	0
DTXSID0038839	0	0
DTXSID0038700	0	0
DTXSID0037734	0	0
DTXSID0038881	1	0
DTXSID0038756	0	0
DTXSID0038831	0	0
DTXSID0039227	1	1
DTXSID0040676	0	0
DTXSID0040127	0	0
DTXSID0040678	0	1
DTXSID0040701	0	0
DTXSID0040464	0	0
DTXSID0040208	1	0
DTXSID0037231	0	0
DTXSID0040707	0	0
DTXSID0037493	0	0
DTXSID0040703	0	0
DTXSID0040705	0	0
DTXSID0040672	0	0
DTXSID0037237	0	0
DTXSID0040751	0	0
DTXSID0040674	0	0
DTXSID0040757	0	0
DTXSID0041274	0	1
DTXSID0041220	0	0
DTXSID0041357	0	1
DTXSID0041224	0	0
DTXSID0041141	0	0
DTXSID0041197	0	0
DTXSID0041359	0	0
DTXSID0041436	0	0
DTXSID0041513	0	0
DTXSID0041517	0	0
DTXSID0041519	0	0
DTXSID0041850	1	1
DTXSID0041567	0	0
DTXSID0041983	1	0
DTXSID0041985	1	1
DTXSID0042086	0	1
DTXSID0041987	1	1
DTXSID0042117	0	0
DTXSID0041646	1	0
DTXSID0042038	0	0
DTXSID0042167	0	0
DTXSID0042080	1	0
DTXSID0042242	0	0
DTXSID0042084	0	0
DTXSID0042248	1	1
DTXSID0042379	0	0
DTXSID0042325	0	0
DTXSID0042400	0	0
DTXSID0042406	0	0
DTXSID0042454	0	0
DTXSID0042583	0	0
DTXSID0044107	0	0
DTXSID0042614	0	0
DTXSID0044313	0	0
DTXSID0044315	0	0
DTXSID0044363	0	0
DTXSID0044361	0	0
DTXSID0043765	0	0
DTXSID0043848	0	0
DTXSID0043892	0	0
DTXSID0044280	0	0
DTXSID0043761	1	1
DTXSID0044490	0	0
DTXSID0044494	0	0
DTXSID0044496	0	0
DTXSID0044369	0	0
DTXSID0044498	0	0
DTXSID0044523	0	0
DTXSID0044600	0	0
DTXSID0044525	0	1
DTXSID0044654	0	0
DTXSID0044658	1	1
DTXSID0044606	0	0
DTXSID0044577	0	0
DTXSID0044573	0	0
DTXSID0044650	0	0
DTXSID0044860	0	0
DTXSID0044862	0	0
DTXSID0044810	0	0
DTXSID0044812	0	0
DTXSID0044816	0	0
DTXSID0044731	0	0
DTXSID0044733	0	0
DTXSID0044781	1	1
DTXSID0044785	0	0
DTXSID0044868	0	0
DTXSID0044735	0	0
DTXSID0044737	0	0
DTXSID0044787	1	0
DTXSID0044941	0	1
DTXSID0044949	0	0
DTXSID0044945	0	0
DTXSID0044993	1	1
DTXSID0044995	1	1
DTXSID0044999	0	0
DTXSID0045090	0	0
DTXSID0045125	1	1
DTXSID0045127	0	0
DTXSID0045171	0	0
DTXSID0045175	0	0
DTXSID0045206	0	0
DTXSID0045208	0	0
DTXSID0045179	0	0
DTXSID0045202	0	0
DTXSID0045204	1	1
DTXSID0045383	0	0
DTXSID0045252	0	0
DTXSID0045389	0	0
DTXSID0045410	0	0
DTXSID0045254	0	0
DTXSID0045416	0	0
DTXSID0045670	0	0
DTXSID0045462	0	0
DTXSID0045464	1	0
DTXSID0045674	0	0
DTXSID0045676	1	1
DTXSID0045701	0	0
DTXSID0045753	0	0
DTXSID0045832	0	0
DTXSID0045703	0	0
DTXSID0045705	0	0
DTXSID0045707	0	0
DTXSID0045709	0	0
DTXSID0045836	0	0
DTXSID0045880	0	0
DTXSID0045886	1	1
DTXSID0045963	0	0
DTXSID0045595	0	0
DTXSID0045466	0	0
DTXSID0045597	0	0
DTXSID0045543	0	0
DTXSID0046016	0	0
DTXSID0045547	0	0
DTXSID0045624	0	0
DTXSID0045626	0	0
DTXSID0045591	0	0
DTXSID0046060	0	0
DTXSID0046145	1	0
DTXSID0046147	0	0
DTXSID0046193	0	0
DTXSID0046195	0	0
DTXSID0046222	1	1
DTXSID0046270	0	0
DTXSID0046272	1	1
DTXSID0046309	1	1
DTXSID0046351	0	0
DTXSID0046357	1	0
DTXSID0046430	0	0
DTXSID0046432	0	0
DTXSID0046434	0	0
DTXSID0046511	0	0
DTXSID0046274	0	0
DTXSID0046484	0	0
DTXSID0046276	0	0
DTXSID0046486	1	0
DTXSID0046305	1	1
DTXSID0046307	1	1
DTXSID0046488	1	0
DTXSID0046567	0	0
DTXSID0046644	1	0
DTXSID0046569	0	0
DTXSID0046480	0	0
DTXSID0046482	0	0
DTXSID0046648	1	1
DTXSID0046690	0	0
DTXSID0046513	1	0
DTXSID0047034	0	0
DTXSID0046698	0	0
DTXSID0046696	0	0
DTXSID0046727	0	0
DTXSID0046989	0	0
DTXSID0047032	0	0
DTXSID0046850	0	0
DTXSID0046804	1	0
DTXSID0046640	0	0
DTXSID0046561	0	0
DTXSID0046563	1	0
DTXSID0046692	0	0
DTXSID0046565	0	0
DTXSID0046721	1	0
DTXSID0047036	0	0
DTXSID0046725	1	0
DTXSID0047163	0	0
DTXSID0047080	0	0
DTXSID0047082	0	0
DTXSID0047113	0	0
DTXSID0047088	0	0
DTXSID0047161	0	0
DTXSID0047115	0	0
DTXSID0047111	1	1
DTXSID0047165	0	0
DTXSID0047169	0	0
DTXSID0047244	0	0
DTXSID0047290	1	1
DTXSID0047248	1	0
DTXSID0047292	0	0
DTXSID0047296	0	0
DTXSID0047294	1	0
DTXSID0047325	1	0
DTXSID0047375	1	0
DTXSID0047327	1	0
DTXSID0047371	1	0
DTXSID0047400	0	0
DTXSID0047404	1	0
DTXSID0047406	0	0
DTXSID0047377	1	1
DTXSID0047379	1	1
DTXSID0047408	0	0
DTXSID0047537	0	0
DTXSID0047539	0	0
DTXSID0047454	0	0
DTXSID0047535	0	0
DTXSID0047533	0	0
DTXSID0047581	0	0
DTXSID0047456	0	0
DTXSID0047450	0	0
DTXSID0047585	0	0
DTXSID0047587	0	0
DTXSID0047662	0	0
DTXSID0047872	0	0
DTXSID0047797	1	1
DTXSID0047741	1	1
DTXSID0047799	0	0
DTXSID0047822	0	0
DTXSID0047618	0	0
DTXSID0047589	0	0
DTXSID0047610	0	0
DTXSID0047660	0	0
DTXSID0047828	0	0
DTXSID0047870	0	0
DTXSID0047614	0	0
DTXSID0047905	0	0
DTXSID0047955	1	1
DTXSID0047907	0	0
DTXSID0047874	1	1
DTXSID0048181	0	0
DTXSID0047959	1	1
DTXSID0047878	0	0
DTXSID0047909	0	0
DTXSID0047951	1	1
DTXSID0048187	0	0
DTXSID0048210	0	0
DTXSID0048507	0	0
DTXSID0048505	1	1
DTXSID0048632	1	1
DTXSID0048636	0	0
DTXSID0048844	0	0
DTXSID0048717	0	0
DTXSID0048684	1	1
DTXSID0048638	0	0
DTXSID0048686	0	0
DTXSID0048840	0	0
DTXSID0048842	1	1
DTXSID0048713	0	0
DTXSID0048509	0	0
DTXSID0048846	1	1
DTXSID0049076	0	0
DTXSID0048898	0	0
DTXSID0048927	0	0
DTXSID0048975	0	0
DTXSID0049078	0	0
DTXSID0048921	0	0
DTXSID0048896	0	0
DTXSID0048890	0	0
DTXSID0049022	0	0
DTXSID0048929	0	0
DTXSID0048892	0	0
DTXSID0049286	0	0
DTXSID0049288	0	0
DTXSID0049236	0	0
DTXSID0049311	0	0
DTXSID0049313	0	0
DTXSID0049232	0	0
DTXSID0049284	0	0
DTXSID0049234	0	0
DTXSID0049315	1	1
DTXSID0049319	0	0
DTXSID0049361	0	0
DTXSID0049363	0	0
DTXSID0049365	0	0
DTXSID0049367	0	0
DTXSID0049369	0	0
DTXSID0051447	1	0
DTXSID0049238	1	1
DTXSID0051493	0	0
DTXSID0049230	1	1
DTXSID0051497	0	0
DTXSID0051736	0	0
DTXSID0051738	0	0
DTXSID0057677	0	0
DTXSID0052621	0	0
DTXSID0052629	0	0
DTXSID0057629	0	0
DTXSID0057671	0	0
DTXSID0052594	0	0
DTXSID0057679	0	0
DTXSID0052463	1	1
DTXSID0052596	0	0
DTXSID0052590	1	0
DTXSID0052837	0	0
DTXSID0052839	0	0
DTXSID0057621	0	0
DTXSID0057623	1	1
DTXSID0057625	0	0
DTXSID0057627	1	1
DTXSID0057839	1	0
DTXSID0057754	0	0
DTXSID0057756	0	0
DTXSID0057758	1	0
DTXSID0057702	1	1
DTXSID0057704	0	0
DTXSID0057706	0	0
DTXSID0057708	0	0
DTXSID0057750	0	0
DTXSID0057752	0	0
DTXSID0057837	0	0
DTXSID1020015	0	0
DTXSID1020140	0	0
DTXSID0057831	1	1
DTXSID0057833	0	0
DTXSID0057835	0	0
DTXSID1020069	1	1
DTXSID1020148	0	0
DTXSID1020198	0	0
DTXSID1020142	0	0
DTXSID1020190	0	0
DTXSID1020144	0	0
DTXSID1020146	1	0
DTXSID1020350	0	1
DTXSID1020352	0	0
DTXSID1020223	0	0
DTXSID1020275	1	1
DTXSID1020300	0	0
DTXSID1020306	0	0
DTXSID1020308	0	0
DTXSID1020358	0	0
DTXSID1020431	0	0
DTXSID1020512	0	0
DTXSID1020433	1	1
DTXSID1020516	0	0
DTXSID1020510	1	1
DTXSID1020566	0	0
DTXSID1020439	0	0
DTXSID1020647	0	0
DTXSID1020697	1	1
DTXSID1020483	0	0
DTXSID1020485	1	1
DTXSID1020770	1	1
DTXSID1020728	0	0
DTXSID1020562	0	0
DTXSID1020778	0	0
DTXSID1020560	1	1
DTXSID1020803	0	0
DTXSID1020805	0	0
DTXSID1022180	0	0
DTXSID1020855	1	1
DTXSID1020807	0	0
DTXSID1020857	0	0
DTXSID1020859	0	0
DTXSID1020809	0	0
DTXSID1020932	0	0
DTXSID1021031	1	1
DTXSID1020930	0	0
DTXSID1020982	0	0
DTXSID1020984	1	0
DTXSID1021081	1	0
DTXSID1021087	1	1
DTXSID1021089	0	0
DTXSID1021114	1	1
DTXSID1021116	0	0
DTXSID1021160	0	0
DTXSID1021241	1	0
DTXSID1021118	1	0
DTXSID1021162	0	0
DTXSID1021243	1	1
DTXSID1021164	0	0
DTXSID1021247	1	1
DTXSID1021166	0	0
DTXSID1021322	1	1
DTXSID1021372	0	0
DTXSID1021168	1	1
DTXSID1021374	0	0
DTXSID1021403	0	0
DTXSID1021405	1	0
DTXSID1021409	1	1
DTXSID1021455	0	0
DTXSID1021530	0	0
DTXSID1021586	0	0
DTXSID1021615	0	0
DTXSID1021291	0	0
DTXSID1021617	0	1
DTXSID1021619	0	0
DTXSID1021299	1	1
DTXSID1021320	1	1
DTXSID1021827	0	0
DTXSID1021667	0	1
DTXSID1021873	0	0
DTXSID1021744	0	0
DTXSID1021798	0	0
DTXSID1021823	0	0
DTXSID1022003	0	0
DTXSID1021956	0	0
DTXSID1021958	0	0
DTXSID1022007	0	0
DTXSID1022051	0	0
DTXSID1021879	0	0
DTXSID1021952	1	1
DTXSID1022130	0	0
DTXSID1022138	0	0
DTXSID1022053	1	1
DTXSID1022421	0	0
DTXSID1022265	1	1
DTXSID1022217	0	0
DTXSID1022718	0	0
DTXSID1022843	1	1
DTXSID1022897	0	0
DTXSID1022764	0	0
DTXSID1022974	1	1
DTXSID1022926	0	0
DTXSID1022556	0	0
DTXSID1023021	0	0
DTXSID1022558	0	0
DTXSID1023071	1	0
DTXSID1022635	0	0
DTXSID1022681	1	1
DTXSID1022683	1	0
DTXSID1023441	1	1
DTXSID1023102	0	0
DTXSID1023150	0	0
DTXSID1023235	0	0
DTXSID1023495	0	0
DTXSID1023158	0	0
DTXSID1023231	0	0
DTXSID1023497	0	0
DTXSID1023572	0	0
DTXSID1023239	0	0
DTXSID1023314	0	0
DTXSID1023283	0	0
DTXSID1023362	0	0
DTXSID1023364	0	0
DTXSID1023368	0	0
DTXSID1023603	0	0
DTXSID1023605	0	0
DTXSID1023607	0	0
DTXSID1023819	0	0
DTXSID1023736	1	0
DTXSID1024045	0	0
DTXSID1023609	0	0
DTXSID1023869	0	0
DTXSID1023998	1	0
DTXSID1023990	0	0
DTXSID1024049	0	0
DTXSID1024097	0	0
DTXSID1024209	1	1
DTXSID1024124	0	0
DTXSID1024126	1	1
DTXSID1024255	0	0
DTXSID1024170	0	0
DTXSID1024259	1	1
DTXSID1024338	0	0
DTXSID1024835	0	1
DTXSID1024837	0	0
DTXSID1024467	0	0
DTXSID1024413	0	0
DTXSID1024702	0	0
DTXSID1024621	0	0
DTXSID1024463	0	0
DTXSID1024625	1	1
DTXSID1024704	0	0
DTXSID1024465	0	0
DTXSID1024831	0	0
DTXSID1024881	0	0
DTXSID1024885	0	1
DTXSID1025065	0	1
DTXSID1024887	1	1
DTXSID1025148	0	0
DTXSID1025221	0	0
DTXSID1025013	1	1
DTXSID1024966	0	0
DTXSID1025017	1	1
DTXSID1025063	0	0
DTXSID1025279	0	0
DTXSID1025483	0	0
DTXSID1025302	0	0
DTXSID1025271	0	0
DTXSID1025481	0	0
DTXSID1025485	1	1
DTXSID1025300	1	0
DTXSID1025304	0	0
DTXSID1025306	0	0
DTXSID1025770	0	0
DTXSID1025512	1	1
DTXSID1025774	0	0
DTXSID1025560	1	1
DTXSID1025649	1	1
DTXSID1025776	0	0
DTXSID1025805	1	1
DTXSID1025724	0	0
DTXSID1025693	0	0
DTXSID1025722	0	0
DTXSID1025641	0	0
DTXSID1025726	0	0
DTXSID1025807	0	0
DTXSID1026033	0	0
DTXSID1026035	0	0
DTXSID1025851	0	0
DTXSID1026031	0	0
DTXSID1026089	0	0
DTXSID1026112	1	0
DTXSID1026164	0	0
DTXSID1025809	0	0
DTXSID1025857	1	1
DTXSID1025930	1	1
DTXSID1026536	0	0
DTXSID1026118	0	0
DTXSID1026241	0	0
DTXSID1026293	1	0
DTXSID1026083	0	0
DTXSID1026879	0	0
DTXSID1026665	0	0
DTXSID1026667	0	0
DTXSID1026619	0	0
DTXSID1026740	0	0
DTXSID1026661	0	0
DTXSID1026792	0	0
DTXSID1027134	0	0
DTXSID1027184	0	0
DTXSID1027186	0	0
DTXSID1026906	0	0
DTXSID1026908	0	0
DTXSID1027342	0	0
DTXSID1026954	0	0
DTXSID1027219	0	0
DTXSID1027427	0	0
DTXSID1027500	0	0
DTXSID1027504	0	0
DTXSID1027506	0	0
DTXSID1027344	0	0
DTXSID1027425	0	0
DTXSID1027502	0	0
DTXSID1027558	0	0
DTXSID1027635	0	0
DTXSID1027714	1	1
DTXSID1027716	1	0
DTXSID1027764	0	0
DTXSID1027639	0	0
DTXSID1027920	0	0
DTXSID1027928	0	0
DTXSID1027970	0	0
DTXSID1029122	0	0
DTXSID1029124	0	0
DTXSID1029201	0	0
DTXSID1029128	0	0
DTXSID1029203	0	0
DTXSID1029207	0	0
DTXSID1029677	0	0
DTXSID1029679	0	0
DTXSID1029671	0	0
DTXSID1031462	0	0
DTXSID1031626	0	0
DTXSID1029338	0	0
DTXSID1030317	0	0
DTXSID1030319	1	1
DTXSID1030604	0	0
DTXSID1030606	0	0
DTXSID1032278	1	1
DTXSID1032309	0	0
DTXSID1031460	0	0
DTXSID1032355	1	1
DTXSID1032488	0	0
DTXSID1032511	0	0
DTXSID1032513	0	0
DTXSID1032519	1	1
DTXSID1032359	1	1
DTXSID1032482	0	0
DTXSID1032484	1	1
DTXSID1032569	0	0
DTXSID1032640	1	0
DTXSID1032690	1	1
DTXSID1032646	0	0
DTXSID1033539	1	1
DTXSID1032642	0	0
DTXSID1033161	0	0
DTXSID1032648	1	1
DTXSID1033402	0	0
DTXSID1033664	0	0
DTXSID1033876	0	0
DTXSID1034503	1	0
DTXSID1034634	1	1
DTXSID1034187	1	1
DTXSID1034210	1	1
DTXSID1034212	0	0
DTXSID1034181	1	1
DTXSID1034501	1	0
DTXSID1035288	0	0
DTXSID1035286	0	0
DTXSID1035783	0	0
DTXSID1036541	1	1
DTXSID1034973	0	0
DTXSID1034844	0	0
DTXSID1034929	0	0
DTXSID1036545	1	1
DTXSID1034769	0	0
DTXSID1037567	0	0
DTXSID1037696	0	0
DTXSID1037806	0	0
DTXSID1037197	0	0
DTXSID1037224	0	0
DTXSID1037511	0	0
DTXSID1037272	1	0
DTXSID1037515	1	1
DTXSID1037565	0	0
DTXSID1037303	0	0
DTXSID1038321	0	0
DTXSID1038298	1	1
DTXSID1038824	0	0
DTXSID1038822	0	0
DTXSID1038876	1	0
DTXSID1038666	1	0
DTXSID1038743	0	0
DTXSID1038795	0	0
DTXSID1040110	0	0
DTXSID1040112	0	0
DTXSID1040295	0	0
DTXSID1040320	1	1
DTXSID1040324	0	0
DTXSID1040243	1	1
DTXSID1040245	0	0
DTXSID1040740	0	1
DTXSID1041132	1	1
DTXSID1040326	0	1
DTXSID1040619	1	1
DTXSID1040372	1	1
DTXSID1040792	0	0
DTXSID1040661	0	0
DTXSID1040794	0	1
DTXSID1040742	0	0
DTXSID1040611	1	1
DTXSID1041180	0	0
DTXSID1041184	0	0
DTXSID1041188	1	1
DTXSID1041217	0	0
DTXSID1041421	0	0
DTXSID1041423	0	0
DTXSID1041263	0	0
DTXSID1041425	0	0
DTXSID1041269	0	0
DTXSID1041506	1	1
DTXSID1041508	0	0
DTXSID1041346	0	0
DTXSID1041550	0	0
DTXSID1041683	1	1
DTXSID1041639	0	0
DTXSID1041267	0	0
DTXSID1041847	0	0
DTXSID1041891	0	0
DTXSID1041396	0	0
DTXSID1041897	1	1
DTXSID1041920	0	0
DTXSID1041978	1	1
DTXSID1041970	0	0
DTXSID1042077	0	0
DTXSID1042285	0	0
DTXSID1042360	0	0
DTXSID1042281	0	0
DTXSID1042364	0	0
DTXSID1042154	1	1
DTXSID1042499	1	1
DTXSID1042441	0	0
DTXSID1042443	0	0
DTXSID1043881	1	0
DTXSID1044196	1	1
DTXSID1042570	1	1
DTXSID1044198	0	0
DTXSID1044227	0	0
DTXSID1042574	0	0
DTXSID1043839	0	0
DTXSID1043910	0	0
DTXSID1044221	1	0
DTXSID1044352	0	0
DTXSID1042445	0	0
DTXSID1044439	0	0
DTXSID1044433	0	0
DTXSID1044481	0	1
DTXSID1044435	0	0
DTXSID1044437	0	0
DTXSID1044354	0	0
DTXSID1044356	0	0
DTXSID1044485	0	0
DTXSID1044431	0	0
DTXSID1044645	0	0
DTXSID1044568	0	0
DTXSID1044518	0	0
DTXSID1044643	0	0
DTXSID1044564	0	0
DTXSID1044693	0	0
DTXSID1044697	0	0
DTXSID1044720	0	0
DTXSID1044647	0	0
DTXSID1044560	0	1
DTXSID1044691	1	0
DTXSID1044772	0	0
DTXSID1044801	0	1
DTXSID1044774	0	0
DTXSID1044722	0	0
DTXSID1044724	0	0
DTXSID1044805	0	0
DTXSID1044807	0	0
DTXSID1044728	0	0
DTXSID1044770	0	0
DTXSID1044934	0	0
DTXSID1045116	1	1
DTXSID1045118	0	0
DTXSID1044936	0	1
DTXSID1044809	0	0
DTXSID1044980	0	0
DTXSID1044982	0	1
DTXSID1045162	0	0
DTXSID1044851	0	0
DTXSID1044853	0	0
DTXSID1044857	0	0
DTXSID1045164	0	0
DTXSID1045166	0	0
DTXSID1045245	0	0
DTXSID1045293	1	0
DTXSID1045081	1	0
DTXSID1045083	1	0
DTXSID1045085	1	1
DTXSID1045089	0	0
DTXSID1045326	1	1
DTXSID1045297	0	1
DTXSID1045320	0	0
DTXSID1045372	0	0
DTXSID1045324	1	0
DTXSID1045530	0	0
DTXSID1045615	1	1
DTXSID1045534	0	0
DTXSID1045619	0	0
DTXSID1045536	0	0
DTXSID1045661	1	0
DTXSID1045663	1	1
DTXSID1045538	0	0
DTXSID1045405	0	0
DTXSID1045407	0	0
DTXSID1045409	0	0
DTXSID1045459	0	0
DTXSID1045746	0	0
DTXSID1044859	0	0
DTXSID1044930	0	0
DTXSID1045584	0	0
DTXSID1045748	0	0
DTXSID1045790	0	0
DTXSID1044932	0	0
DTXSID1045792	0	0
DTXSID1045669	0	0
DTXSID1045742	0	0
DTXSID1045588	0	0
DTXSID1045611	1	0
DTXSID1045794	0	0
DTXSID1045744	1	1
DTXSID1045871	0	0
DTXSID1046003	0	0
DTXSID1045879	0	0
DTXSID1046051	0	0
DTXSID1046007	0	0
DTXSID1045798	1	1
DTXSID1045825	0	0
DTXSID1046134	1	1
DTXSID1045952	1	1
DTXSID1046132	0	0
DTXSID1045958	1	1
DTXSID1046130	0	0
DTXSID1045906	0	0
DTXSID1046136	1	0
DTXSID1046180	1	1
DTXSID1046267	1	1
DTXSID1046188	0	0
DTXSID1046392	0	0
DTXSID1046215	0	0
DTXSID1046344	1	0
DTXSID1046394	0	0
DTXSID1046390	0	0
DTXSID1046396	1	0
DTXSID1046502	1	0
DTXSID1046504	1	1
DTXSID1046398	0	0
DTXSID1046421	0	0
DTXSID1046558	0	0
DTXSID1046423	1	0
DTXSID1046425	0	0
DTXSID1046429	1	1
DTXSID1046506	0	0
DTXSID1046550	1	0
DTXSID1046631	1	0
DTXSID1046427	1	1
DTXSID1046633	0	0
DTXSID1046475	0	0
DTXSID1046639	0	0
DTXSID1046685	0	0
DTXSID1046687	0	0
DTXSID1046768	1	0
DTXSID1046714	0	0
DTXSID1046681	1	0
DTXSID1046689	0	0
DTXSID1046922	0	0
DTXSID1046847	1	0
DTXSID1046974	0	0
DTXSID1047029	0	0
DTXSID1047071	0	0
DTXSID1047075	0	0
DTXSID1046891	0	0
DTXSID1047102	1	1
DTXSID1047104	0	0
DTXSID1047156	0	0
DTXSID1047281	1	0
DTXSID1047106	0	0
DTXSID1047152	0	0
DTXSID1047283	1	0
DTXSID1047150	0	0
DTXSID1047239	0	0
DTXSID1047316	1	0
DTXSID1047310	1	0
DTXSID1047318	0	0
DTXSID1047362	0	0
DTXSID1047360	1	0
DTXSID1047287	0	0
DTXSID1047285	0	0
DTXSID1047312	0	0
DTXSID1047289	1	0
DTXSID1047366	1	1
DTXSID1047368	0	0
DTXSID1047528	0	0
DTXSID1047447	0	0
DTXSID1047491	0	0
DTXSID1047576	0	0
DTXSID1047493	0	0
DTXSID1047570	0	0
DTXSID1047574	0	0
DTXSID1047497	0	0
DTXSID1047524	0	0
DTXSID1047607	0	0
DTXSID1047578	0	0
DTXSID1047609	0	0
DTXSID1047601	0	0
DTXSID1047603	0	0
DTXSID1047780	0	0
DTXSID1047659	0	0
DTXSID1047788	0	0
DTXSID1047651	0	0
DTXSID1047605	0	0
DTXSID1047811	0	0
DTXSID1047813	0	0
DTXSID1047782	1	0
DTXSID1047784	1	0
DTXSID1047815	0	0
DTXSID1047786	1	0
DTXSID1047817	1	0
DTXSID1047819	1	1
DTXSID1047942	0	0
DTXSID1047869	1	1
DTXSID1047940	0	0
DTXSID1047946	1	1
DTXSID1047948	1	1
DTXSID1048170	1	1
DTXSID1048172	1	1
DTXSID1048174	1	1
DTXSID1048176	1	0
DTXSID1048592	0	0
DTXSID1048596	1	0
DTXSID1048203	0	0
DTXSID1048178	1	0
DTXSID1048201	0	0
DTXSID1048598	0	0
DTXSID1048209	0	0
DTXSID1048207	0	0
DTXSID1048590	0	0
DTXSID1048623	1	1
DTXSID1048627	1	0
DTXSID1048671	1	0
DTXSID1048837	0	0
DTXSID1048839	1	1
DTXSID1048910	1	0
DTXSID1048831	0	0
DTXSID1048679	1	0
DTXSID1048912	1	0
DTXSID1048704	0	0
DTXSID1048833	0	0
DTXSID1048883	0	0
DTXSID1048916	1	0
DTXSID1048835	1	0
DTXSID1048918	0	0
DTXSID1049225	0	0
DTXSID1049067	1	1
DTXSID1049271	1	1
DTXSID1049069	0	0
DTXSID1049223	1	0
DTXSID1049275	0	0
DTXSID1049221	1	1
DTXSID1049015	0	0
DTXSID1049065	1	1
DTXSID1049229	1	1
DTXSID1049227	0	0
DTXSID1049304	1	1
DTXSID1049356	0	0
DTXSID1049358	0	0
DTXSID1049431	0	0
DTXSID1049433	0	0
DTXSID1049277	0	0
DTXSID1049354	0	0
DTXSID1049279	0	0
DTXSID1049306	1	1
DTXSID1049352	1	1
DTXSID1049300	0	0
DTXSID1049697	1	1
DTXSID1051690	0	0
DTXSID1051771	0	0
DTXSID1051779	0	0
DTXSID1052298	0	0
DTXSID1057610	1	0
DTXSID1057616	0	0
DTXSID1057618	0	0
DTXSID1057660	0	0
DTXSID1052585	1	1
DTXSID1052587	0	0
DTXSID1051850	0	0
DTXSID1057664	0	0
DTXSID1057666	0	0
DTXSID1051939	1	1
DTXSID1052294	0	0
DTXSID1052610	0	0
DTXSID1057822	0	0
DTXSID1057824	0	0
DTXSID1057826	0	0
DTXSID1057828	0	0
DTXSID1057612	0	0
DTXSID1057614	0	0
DTXSID1057662	1	1
DTXSID1057799	0	0
DTXSID1057820	0	0
DTXSID1057795	0	0
DTXSID1057797	1	1
DTXSID1057745	0	0
DTXSID1057747	1	0
DTXSID1057749	1	1
DTXSID1057791	0	0
DTXSID1057793	0	0
DTXSID1057741	0	0
DTXSID1057743	0	0
DTXSID2020054	1	1
DTXSID2020058	1	1
DTXSID2020137	1	0
DTXSID2020139	1	1
DTXSID2020260	0	0
DTXSID2020210	0	0
DTXSID2020262	0	0
DTXSID2020189	1	1
DTXSID2020266	1	1
DTXSID2020268	1	0
DTXSID2020349	0	0
DTXSID2020341	0	0
DTXSID2020391	0	0
DTXSID2020345	1	1
DTXSID2020426	1	1
DTXSID2020399	1	0
DTXSID2020347	1	1
DTXSID2020420	0	0
DTXSID2020424	1	1
DTXSID2020507	0	0
DTXSID2020634	0	0
DTXSID2020470	1	1
DTXSID2020501	0	0
DTXSID2020505	0	0
DTXSID2020509	0	0
DTXSID2020474	0	0
DTXSID2020478	0	0
DTXSID2020684	1	1
DTXSID2020636	0	0
DTXSID2020686	1	0
DTXSID2020680	0	0
DTXSID2020682	1	0
DTXSID2020713	0	0
DTXSID2020892	0	0
DTXSID2020894	0	0
DTXSID2020767	0	0
DTXSID2020890	0	0
DTXSID2020898	0	1
DTXSID2020846	0	1
DTXSID2020921	1	0
DTXSID2020929	0	0
DTXSID2020923	0	0
DTXSID2020927	1	0
DTXSID2021070	1	1
DTXSID2021026	0	0
DTXSID2020971	1	1
DTXSID2021103	1	0
DTXSID2021028	0	0
DTXSID2021105	1	1
DTXSID2021159	0	0
DTXSID2021232	0	0
DTXSID2021284	0	0
DTXSID2021286	0	0
DTXSID2021234	1	0
DTXSID2021236	0	0
DTXSID2021282	0	0
DTXSID2021315	1	0
DTXSID2021363	0	1
DTXSID2021367	1	1
DTXSID2021288	0	0
DTXSID2021440	0	0
DTXSID2021365	0	0
DTXSID2021498	0	0
DTXSID2021442	0	0
DTXSID2021652	0	0
DTXSID2021448	0	0
DTXSID2021654	0	0
DTXSID2021492	0	0
DTXSID2021656	0	0
DTXSID2021600	0	0
DTXSID2021789	0	0
DTXSID2021739	0	0
DTXSID2021602	0	0
DTXSID2021658	0	0
DTXSID2021810	0	0
DTXSID2021818	0	0
DTXSID2021781	0	0
DTXSID2021860	0	0
DTXSID2021864	0	0
DTXSID2021866	0	0
DTXSID2021868	0	0
DTXSID2021941	0	0
DTXSID2021943	0	0
DTXSID2021995	0	0
DTXSID2022048	1	1
DTXSID2021949	0	0
DTXSID2021993	1	0
DTXSID2022096	0	0
DTXSID2022121	1	0
DTXSID2022256	1	1
DTXSID2022179	1	1
DTXSID2022254	0	0
DTXSID2022333	0	0
DTXSID2022125	0	0
DTXSID2022674	0	0
DTXSID2022541	1	0
DTXSID2022595	0	0
DTXSID2022543	0	0
DTXSID2022678	1	1
DTXSID2022549	0	0
DTXSID2022628	0	0
DTXSID2022707	0	0
DTXSID2022753	0	0
DTXSID2022880	1	1
DTXSID2022888	0	0
DTXSID2022967	0	0
DTXSID2023193	0	0
DTXSID2023010	0	0
DTXSID2023195	0	0
DTXSID2023224	1	1
DTXSID2023222	0	0
DTXSID2023270	0	0
DTXSID2023016	1	0
DTXSID2023434	0	0
DTXSID2023276	0	0
DTXSID2023519	1	1
DTXSID2023064	0	0
DTXSID2023307	0	0
DTXSID2023480	0	0
DTXSID2023309	0	0
DTXSID2023488	0	0
DTXSID2023068	1	1
DTXSID2023143	0	0
DTXSID2023353	1	0
DTXSID2023430	0	0
DTXSID2023723	0	0
DTXSID2023725	0	0
DTXSID2023727	1	0
DTXSID2023771	0	0
DTXSID2023775	0	0
DTXSID2024086	1	1
DTXSID2024030	0	0
DTXSID2023569	0	0
DTXSID2023640	1	0
DTXSID2023642	1	1
DTXSID2023690	0	0
DTXSID2024585	1	1
DTXSID2024113	1	1
DTXSID2024589	0	0
DTXSID2024163	1	1
DTXSID2024242	0	0
DTXSID2024452	0	0
DTXSID2024660	0	0
DTXSID2024458	1	1
DTXSID2024793	0	0
DTXSID2025133	0	0
DTXSID2024662	0	0
DTXSID2024664	0	0
DTXSID2024797	0	0
DTXSID2024747	1	0
DTXSID2025135	0	0
DTXSID2024799	1	0
DTXSID2024791	0	0
DTXSID2024666	0	0
DTXSID2024822	0	0
DTXSID2024955	0	0
DTXSID2025137	0	0
DTXSID2024878	0	0
DTXSID2024953	0	0
DTXSID2025050	0	0
DTXSID2025058	0	1
DTXSID2025210	1	0
DTXSID2025264	0	0
DTXSID2025345	0	0
DTXSID2025139	1	1
DTXSID2025347	0	0
DTXSID2025422	0	0
DTXSID2025424	0	0
DTXSID2025183	0	0
DTXSID2025391	0	0
DTXSID2025474	0	0
DTXSID2025185	0	0
DTXSID2025395	0	0
DTXSID2025505	0	0
DTXSID2025680	0	0
DTXSID2025501	0	0
DTXSID2025632	0	0
DTXSID2025715	1	1
DTXSID2025503	0	0
DTXSID2025761	0	0
DTXSID2025551	0	1
DTXSID2025634	1	1
DTXSID2025763	0	0
DTXSID2026074	0	0
DTXSID2025840	1	0
DTXSID2025975	0	0
DTXSID2025977	0	0
DTXSID2026022	0	0
DTXSID2026444	0	0
DTXSID2025892	1	1
DTXSID2025896	0	0
DTXSID2025925	0	0
DTXSID2026448	0	0
DTXSID2026151	0	0
DTXSID2026494	1	0
DTXSID2026496	0	0
DTXSID2026157	0	0
DTXSID2026238	0	0
DTXSID2026523	0	0
DTXSID2026529	0	0
DTXSID2026573	1	1
DTXSID2026606	0	0
DTXSID2026527	0	0
DTXSID2026600	0	0
DTXSID2026781	0	0
DTXSID2026789	0	0
DTXSID2026943	0	0
DTXSID2026652	0	0
DTXSID2026991	0	0
DTXSID2026997	0	0
DTXSID2026864	0	0
DTXSID2026941	1	0
DTXSID2027200	0	0
DTXSID2027096	0	0
DTXSID2027098	0	0
DTXSID2027048	0	0
DTXSID2027175	0	0
DTXSID2027204	0	0
DTXSID2027094	0	0
DTXSID2027591	0	0
DTXSID2027466	0	0
DTXSID2027543	0	0
DTXSID2027462	0	0
DTXSID2027206	0	0
DTXSID2027258	0	0
DTXSID2027333	0	0
DTXSID2027412	0	0
DTXSID2027593	0	0
DTXSID2027620	0	0
DTXSID2027624	0	0
DTXSID2027595	0	0
DTXSID2027759	0	0
DTXSID2027830	0	0
DTXSID2027884	0	0
DTXSID2028010	0	0
DTXSID2029327	1	0
DTXSID2029117	1	0
DTXSID2029290	0	0
DTXSID2029298	0	0
DTXSID2029169	0	0
DTXSID2029325	0	0
DTXSID2029242	0	0
DTXSID2029874	1	1
DTXSID2029612	0	0
DTXSID2029616	0	0
DTXSID2032348	1	1
DTXSID2032390	1	1
DTXSID2031956	0	0
DTXSID2032005	1	1
DTXSID2032180	1	0
DTXSID2032342	0	0
DTXSID2032344	1	0
DTXSID2032550	1	1
DTXSID2032552	0	0
DTXSID2032554	0	0
DTXSID2032556	1	0
DTXSID2032639	1	0
DTXSID2032631	0	0
DTXSID2032421	0	0
DTXSID2032392	1	0
DTXSID2032637	0	0
DTXSID2032558	1	1
DTXSID2032500	1	1
DTXSID2032398	1	1
DTXSID2033447	0	0
DTXSID2033493	0	0
DTXSID2034382	0	0
DTXSID2033736	1	1
DTXSID2034465	0	0
DTXSID2034095	1	1
DTXSID2032891	0	0
DTXSID2033314	1	1
DTXSID2033445	0	0
DTXSID2034598	1	0
DTXSID2034259	0	1
DTXSID2034338	0	0
DTXSID2034542	0	0
DTXSID2034625	1	1
DTXSID2034590	1	1
DTXSID2034627	0	0
DTXSID2034885	1	1
DTXSID2034673	0	0
DTXSID2034700	0	0
DTXSID2034833	0	0
DTXSID2034962	0	0
DTXSID2034881	1	1
DTXSID2035481	0	0
DTXSID2036112	1	1
DTXSID2036299	0	0
DTXSID2036588	1	1
DTXSID2037508	0	0
DTXSID2036827	1	0
DTXSID2038732	0	0
DTXSID2037502	1	1
DTXSID2040652	0	0
DTXSID2038813	0	0
DTXSID2040608	0	0
DTXSID2040234	0	0
DTXSID2039336	0	1
DTXSID2040284	0	0
DTXSID2040151	0	0
DTXSID2040731	0	0
DTXSID2040733	1	1
DTXSID2040363	1	1
DTXSID2041252	0	0
DTXSID2041206	1	0
DTXSID2041389	0	0
DTXSID2040739	0	0
DTXSID2041208	0	0
DTXSID2041125	0	0
DTXSID2040787	1	1
DTXSID6028492	1	1
DTXSID2041250	0	0
DTXSID2041460	0	0
DTXSID2041416	0	0
DTXSID2041468	0	0
DTXSID2041541	0	0
DTXSID2041709	1	0
DTXSID2041545	0	0
DTXSID2041626	0	0
DTXSID2041672	0	0
DTXSID2042220	1	0
DTXSID2042517	0	0
DTXSID2043747	1	0
DTXSID2041880	0	0
DTXSID2041917	0	0
DTXSID2042014	0	0
DTXSID2041884	0	0
DTXSID2041913	1	1
DTXSID2042060	0	0
DTXSID2041886	0	0
DTXSID2041547	1	1
DTXSID2041622	0	0
DTXSID2041674	0	0
DTXSID2042199	0	0
DTXSID2042149	0	0
DTXSID2042062	0	0
DTXSID2042143	0	0
DTXSID2043903	1	1
DTXSID2042195	0	0
DTXSID2042436	0	0
DTXSID2044000	1	1
DTXSID2044002	0	0
DTXSID2044131	0	0
DTXSID2044137	0	0
DTXSID2044210	0	0
DTXSID2044347	0	0
DTXSID2044397	0	0
DTXSID2044399	0	0
DTXSID2044218	1	0
DTXSID2044266	1	1
DTXSID2044268	1	0
DTXSID2044509	0	0
DTXSID2044422	0	0
DTXSID2044472	0	0
DTXSID2044470	0	0
DTXSID2044638	0	0
DTXSID2044428	0	0
DTXSID2044559	1	0
DTXSID2044507	1	1
DTXSID2044680	0	0
DTXSID2044553	0	0
DTXSID2044424	0	0
DTXSID2044476	0	0
DTXSID2044632	0	0
DTXSID2044765	0	0
DTXSID2044846	1	1
DTXSID2044717	0	0
DTXSID2044713	1	0
DTXSID2044715	0	0
DTXSID2044686	0	0
DTXSID2044719	1	1
DTXSID2044767	0	0
DTXSID2044684	0	0
DTXSID2044763	0	0
DTXSID2044769	0	0
DTXSID2044840	0	0
DTXSID2044842	1	0
DTXSID2044898	0	0
DTXSID2044896	0	0
DTXSID2044848	0	0
DTXSID2044921	0	0
DTXSID2044923	1	1
DTXSID2044925	0	0
DTXSID2044892	1	0
DTXSID2045153	0	0
DTXSID2044927	0	0
DTXSID2044973	0	0
DTXSID2044975	0	0
DTXSID2045157	0	0
DTXSID2044971	1	1
DTXSID2045076	0	0
DTXSID2045105	1	1
DTXSID2045072	1	0
DTXSID2044979	0	0
DTXSID2045151	0	0
DTXSID2045315	1	1
DTXSID2045361	0	0
DTXSID2045365	0	0
DTXSID2045238	0	0
DTXSID2045232	1	0
DTXSID2045496	1	0
DTXSID2045448	1	1
DTXSID2045280	0	0
DTXSID2045444	0	0
DTXSID2045490	1	1
DTXSID2045492	0	0
DTXSID2045575	0	0
DTXSID2045521	0	0
DTXSID2045652	0	0
DTXSID2045527	0	0
DTXSID2045781	1	1
DTXSID2045600	0	0
DTXSID2045523	1	0
DTXSID2045868	0	0
DTXSID2045941	0	0
DTXSID2045783	0	0
DTXSID2045654	0	0
DTXSID2045810	1	0
DTXSID2045943	1	1
DTXSID2045945	1	0
DTXSID2045993	0	0
DTXSID2046042	0	0
DTXSID2046090	0	0
DTXSID2045812	0	0
DTXSID2046092	1	0
DTXSID2045860	1	1
DTXSID2045862	0	0
DTXSID2046094	1	1
DTXSID2045864	1	0
DTXSID2046123	1	1
DTXSID2046127	0	0
DTXSID2046179	0	0
DTXSID2046385	1	1
DTXSID2046389	0	0
DTXSID2046200	0	0
DTXSID2046460	0	0
DTXSID2046464	0	0
DTXSID2046468	0	0
DTXSID2046541	0	0
DTXSID2046599	0	0
DTXSID2046543	0	0
DTXSID2046628	0	0
DTXSID2046545	1	1
DTXSID2046670	0	0
DTXSID2046591	1	1
DTXSID2046888	0	0
DTXSID2046678	0	0
DTXSID2046705	0	0
DTXSID2046755	1	1
DTXSID2047062	0	0
DTXSID2046911	0	0
DTXSID2047068	0	0
DTXSID2046919	1	1
DTXSID2047064	0	0
DTXSID2047270	1	1
DTXSID2047141	0	0
DTXSID2047272	1	1
DTXSID2047060	0	0
DTXSID2047149	0	0
DTXSID2047191	0	0
DTXSID2047195	0	0
DTXSID2047193	0	0
DTXSID2047197	0	0
DTXSID2047274	0	0
DTXSID2047222	0	0
DTXSID2047301	0	0
DTXSID2047303	1	1
DTXSID2047276	0	0
DTXSID2047278	0	0
DTXSID2047307	1	0
DTXSID2047309	0	0
DTXSID2047305	1	0
DTXSID2047357	1	1
DTXSID2047351	1	1
DTXSID2047355	0	0
DTXSID2047434	0	0
DTXSID2047353	1	1
DTXSID2047359	0	0
DTXSID2047519	0	0
DTXSID2047511	0	0
DTXSID2047436	0	0
DTXSID2047565	0	0
DTXSID2047644	0	0
DTXSID2047567	0	0
DTXSID2047642	0	0
DTXSID2047646	0	0
DTXSID2047648	0	0
DTXSID2047694	0	0
DTXSID2047773	1	0
DTXSID2047775	1	0
DTXSID2047777	0	0
DTXSID2047779	1	1
DTXSID2047723	0	0
DTXSID2047725	1	1
DTXSID2047939	0	0
DTXSID2047931	0	0
DTXSID2047933	0	0
DTXSID2047937	0	0
DTXSID2047856	1	0
DTXSID2047858	1	0
DTXSID2048161	1	1
DTXSID2047804	1	0
DTXSID2048379	0	0
DTXSID2048581	0	0
DTXSID2048797	1	1
DTXSID2048795	0	0
DTXSID2048791	0	0
DTXSID2048799	0	0
DTXSID2048616	0	0
DTXSID2048618	0	0
DTXSID2048822	0	0
DTXSID2048660	0	0
DTXSID2048793	0	0
DTXSID2048662	0	0
DTXSID2048745	1	0
DTXSID2048901	0	0
DTXSID2048905	1	1
DTXSID2048907	0	0
DTXSID2048826	1	0
DTXSID2048828	0	0
DTXSID2048957	1	0
DTXSID2049216	0	0
DTXSID2049050	1	1
DTXSID2049052	1	0
DTXSID2049218	0	0
DTXSID2049006	0	0
DTXSID2048870	0	0
DTXSID2049002	1	0
DTXSID2048872	0	0
DTXSID2049260	1	1
DTXSID2049135	0	0
DTXSID2049210	1	1
DTXSID2049212	0	0
DTXSID2049214	0	0
DTXSID2049264	0	0
DTXSID2049266	0	0
DTXSID2049268	0	0
DTXSID2049393	0	1
DTXSID2049345	0	0
DTXSID2049347	0	0
DTXSID2049343	0	0
DTXSID2049424	0	0
DTXSID2049399	0	0
DTXSID2049422	0	0
DTXSID2049420	0	0
DTXSID2049391	1	1
DTXSID2049426	0	0
DTXSID2049428	0	0
DTXSID2050403	0	0
DTXSID2051477	0	0
DTXSID2052281	0	0
DTXSID2052603	0	0
DTXSID2051687	0	0
DTXSID2051716	0	0
DTXSID2057609	0	0
DTXSID2051764	0	0
DTXSID2051895	0	0
DTXSID2052283	0	0
DTXSID2052289	0	0
DTXSID2057651	1	1
DTXSID2057653	0	0
DTXSID2057603	0	0
DTXSID2052447	1	0
DTXSID2057655	0	0
DTXSID2057657	0	0
DTXSID2057813	0	0
DTXSID2057738	0	0
DTXSID2057780	0	0
DTXSID2057659	0	0
DTXSID2057730	1	1
DTXSID2057782	0	0
DTXSID2057815	1	0
DTXSID2057817	0	0
DTXSID2057819	0	0
DTXSID2057734	0	0
DTXSID2057784	0	0
DTXSID2057786	0	0
DTXSID2057788	0	0
DTXSID2057811	0	0
DTXSID3020091	0	0
DTXSID3020095	0	0
DTXSID3020043	0	0
DTXSID3020093	0	0
DTXSID3020097	0	0
DTXSID3020099	1	1
DTXSID3020120	1	1
DTXSID3020122	1	1
DTXSID3020205	0	0
DTXSID3020128	0	0
DTXSID3020380	1	1
DTXSID3020336	0	0
DTXSID3020384	0	0
DTXSID3020463	0	0
DTXSID3020330	0	0
DTXSID3020332	0	0
DTXSID3020596	0	0
DTXSID3020598	0	0
DTXSID3020673	1	1
DTXSID3020540	0	0
DTXSID3020625	1	1
DTXSID3020752	0	0
DTXSID3020756	0	0
DTXSID3020621	1	0
DTXSID3020629	1	1
DTXSID3020627	1	0
DTXSID3020708	0	0
DTXSID3020671	1	0
DTXSID3020679	1	1
DTXSID3020833	0	0
DTXSID3020881	0	0
DTXSID3020887	0	0
DTXSID3020704	0	0
DTXSID3020750	0	0
DTXSID3020706	1	1
DTXSID3020912	0	0
DTXSID3020914	0	0
DTXSID3020916	0	0
DTXSID3020910	0	0
DTXSID3020889	0	0
DTXSID3020918	1	0
DTXSID3020960	1	1
DTXSID3020962	0	0
DTXSID3020964	0	0
DTXSID3020966	0	0
DTXSID3021192	1	1
DTXSID3021065	0	0
DTXSID3021144	0	0
DTXSID3021140	0	0
DTXSID3021148	0	0
DTXSID3021196	0	0
DTXSID3021190	0	0
DTXSID3021356	1	0
DTXSID3021198	1	1
DTXSID3021304	0	0
DTXSID3021358	0	0
DTXSID3021221	1	1
DTXSID3021223	0	0
DTXSID3021275	1	1
DTXSID3021483	0	0
DTXSID3021641	0	0
DTXSID3021645	0	0
DTXSID3021487	0	0
DTXSID3021485	0	0
DTXSID3021801	0	0
DTXSID3021803	0	0
DTXSID3021851	0	0
DTXSID3021774	0	0
DTXSID3021805	0	0
DTXSID3021772	0	0
DTXSID3021778	1	1
DTXSID3021807	0	0
DTXSID3021986	0	0
DTXSID3022035	0	0
DTXSID3022085	0	0
DTXSID3021932	0	0
DTXSID3021980	0	0
DTXSID3022247	0	0
DTXSID3022320	1	1
DTXSID3022370	1	1
DTXSID3022582	1	0
DTXSID3022584	0	0
DTXSID3022455	0	1
DTXSID3022586	0	0
DTXSID3022588	0	0
DTXSID3022667	0	0
DTXSID3022748	0	0
DTXSID3022904	0	0
DTXSID3022663	1	1
DTXSID3022798	0	0
DTXSID3022821	1	1
DTXSID3022906	0	0
DTXSID3022611	0	0
DTXSID3022825	1	1
DTXSID3022877	0	0
DTXSID3022829	0	0
DTXSID3022617	0	0
DTXSID3022871	0	0
DTXSID3022950	0	0
DTXSID3022956	1	1
DTXSID3023051	1	1
DTXSID3023057	0	0
DTXSID3023059	0	0
DTXSID3023180	1	1
DTXSID3023188	0	0
DTXSID3023132	0	0
DTXSID3023427	0	0
DTXSID3023007	0	0
DTXSID3023471	0	0
DTXSID3023502	0	0
DTXSID3023508	1	1
DTXSID3023265	1	0
DTXSID3023479	0	0
DTXSID3023550	1	1
DTXSID3023269	0	0
DTXSID3023340	0	0
DTXSID3023342	0	0
DTXSID3023425	1	1
DTXSID3023716	1	1
DTXSID3023718	1	0
DTXSID3023712	0	0
DTXSID3023845	1	0
DTXSID3023556	0	0
DTXSID3023897	1	1
DTXSID3023764	1	0
DTXSID3023685	1	1
DTXSID3023899	1	0
DTXSID3024100	0	0
DTXSID3024152	0	0
DTXSID3024154	0	0
DTXSID3024108	1	1
DTXSID3024104	1	1
DTXSID3024102	1	1
DTXSID3023974	0	0
DTXSID3024287	0	0
DTXSID3024318	0	0
DTXSID3024235	1	1
DTXSID3024366	0	0
DTXSID3024239	1	1
DTXSID3024441	0	0
DTXSID3024491	1	1
DTXSID3024289	1	1
DTXSID3024368	0	0
DTXSID3024447	0	0
DTXSID3024316	0	0
DTXSID3024522	0	0
DTXSID3024736	0	0
DTXSID3024574	0	0
DTXSID3024780	0	1
DTXSID3024869	0	0
DTXSID3024603	0	0
DTXSID3024738	0	0
DTXSID3024815	0	0
DTXSID3024659	0	0
DTXSID3025178	1	1
DTXSID3024994	0	0
DTXSID3024998	1	0
DTXSID3025049	0	0
DTXSID3024942	0	0
DTXSID3025041	0	0
DTXSID3025091	1	1
DTXSID3025203	1	1
DTXSID3025093	0	0
DTXSID3025257	0	1
DTXSID3025170	1	0
DTXSID3025332	0	0
DTXSID3025338	0	0
DTXSID3025330	0	0
DTXSID3025253	1	1
DTXSID3025047	0	0
DTXSID3025122	0	0
DTXSID3025540	1	1
DTXSID3025629	1	1
DTXSID3025706	0	0
DTXSID3025839	0	0
DTXSID3025881	0	0
DTXSID3025469	0	0
DTXSID3026279	1	0
DTXSID3026304	0	0
DTXSID3026148	0	0
DTXSID3025889	0	0
DTXSID3026306	0	0
DTXSID3026190	1	1
DTXSID3026065	1	1
DTXSID3026067	0	0
DTXSID3026516	0	0
DTXSID3026564	0	0
DTXSID3026641	0	0
DTXSID3026645	0	0
DTXSID3026308	0	0
DTXSID3026512	0	0
DTXSID3026514	0	0
DTXSID3026562	0	0
DTXSID3027039	0	0
DTXSID3026726	0	0
DTXSID3026697	0	1
DTXSID3026728	0	0
DTXSID3026851	0	0
DTXSID3026984	0	0
DTXSID3027037	0	0
DTXSID3027085	0	0
DTXSID3027116	1	1
DTXSID3027320	0	0
DTXSID3027241	0	0
DTXSID3027291	0	0
DTXSID3027247	0	0
DTXSID3027297	0	0
DTXSID3027249	0	0
DTXSID3027322	0	0
DTXSID3027407	0	0
DTXSID3027328	0	0
DTXSID3027534	0	0
DTXSID3027370	0	0
DTXSID3027401	0	0
DTXSID3027584	1	0
DTXSID3027617	0	0
DTXSID3027790	0	0
DTXSID3027588	0	0
DTXSID3027615	0	0
DTXSID3027823	0	0
DTXSID3027829	0	0
DTXSID3027950	0	1
DTXSID3029281	0	0
DTXSID3029289	0	0
DTXSID3029152	0	0
DTXSID3029150	0	0
DTXSID3028001	1	0
DTXSID3029310	1	0
DTXSID3029287	0	0
DTXSID3029154	0	0
DTXSID3028005	0	0
DTXSID3029572	1	1
DTXSID3029655	0	0
DTXSID3029362	1	1
DTXSID3029231	0	0
DTXSID3029233	0	0
DTXSID3029364	1	1
DTXSID3029869	0	0
DTXSID3030056	1	1
DTXSID3030636	1	1
DTXSID3030189	1	0
DTXSID3030428	0	0
DTXSID3031860	0	0
DTXSID3032416	0	0
DTXSID3031862	0	0
DTXSID3032464	1	0
DTXSID3032129	1	0
DTXSID3032331	1	1
DTXSID3031864	0	0
DTXSID3032541	1	1
DTXSID3032337	1	0
DTXSID3032389	0	0
DTXSID3032547	1	0
DTXSID3032591	0	0
DTXSID3032622	0	0
DTXSID3032751	1	1
DTXSID3032624	0	0
DTXSID3032626	1	1
DTXSID3032620	1	0
DTXSID3033276	0	0
DTXSID3032628	0	0
DTXSID3032670	0	0
DTXSID3033511	0	0
DTXSID3034165	1	1
DTXSID3033983	0	0
DTXSID3034402	1	1
DTXSID3033989	0	0
DTXSID3034456	0	1
DTXSID3034531	0	0
DTXSID3034612	1	0
DTXSID3034113	0	0
DTXSID3034614	0	0
DTXSID3034458	0	0
DTXSID3034583	0	1
DTXSID3035266	0	0
DTXSID3035341	0	0
DTXSID3034664	0	0
DTXSID3034872	0	0
DTXSID3034903	0	0
DTXSID3036286	0	0
DTXSID3034957	0	0
DTXSID3035214	0	0
DTXSID3034618	0	0
DTXSID3036496	1	0
DTXSID3047477	1	1
DTXSID3036525	0	0
DTXSID3034662	1	1
DTXSID3037709	0	0
DTXSID3037250	0	0
DTXSID3037208	1	0
DTXSID3037541	1	1
DTXSID3037545	0	0
DTXSID3037626	1	0
DTXSID3037707	0	0
DTXSID3038694	0	0
DTXSID3038696	0	0
DTXSID3039242	0	0
DTXSID3038939	0	1
DTXSID3038800	0	0
DTXSID3040271	0	0
DTXSID3038852	0	0
DTXSID3040697	0	0
DTXSID3040699	0	0
DTXSID3040643	0	0
DTXSID3040647	0	0
DTXSID3040279	1	1
DTXSID3040691	0	0
DTXSID3040300	1	0
DTXSID3040726	0	0
DTXSID3040728	0	0
DTXSID3041376	0	0
DTXSID3041328	0	0
DTXSID3041247	0	0
DTXSID3041299	0	0
DTXSID3041370	0	0
DTXSID3040774	0	0
DTXSID3040801	0	0
DTXSID3040980	1	1
DTXSID3041372	0	0
DTXSID3041085	0	0
DTXSID3040724	0	0
DTXSID3041403	0	0
DTXSID3041409	0	1
DTXSID3041405	0	0
DTXSID3041611	0	0
DTXSID3041530	0	0
DTXSID3041580	0	0
DTXSID3041613	1	1
DTXSID3041615	0	0
DTXSID3041873	0	0
DTXSID3041827	1	1
DTXSID3041877	0	0
DTXSID3041665	1	1
DTXSID3041744	1	0
DTXSID3041790	0	0
DTXSID3041794	0	0
DTXSID3041663	0	0
DTXSID3041617	1	1
DTXSID3041619	1	1
DTXSID3041954	0	0
DTXSID3042051	0	0
DTXSID3042053	0	0
DTXSID3042059	0	0
DTXSID3042130	1	0
DTXSID3042390	0	1
DTXSID3042261	1	1
DTXSID3042263	1	0
DTXSID3042215	0	0
DTXSID3042180	1	1
DTXSID3042269	1	0
DTXSID3042394	0	0
DTXSID3042219	0	0
DTXSID3044332	0	0
DTXSID3044334	0	0
DTXSID3044203	0	0
DTXSID3044338	1	1
DTXSID3042423	0	0
DTXSID3044124	0	0
DTXSID3044128	0	0
DTXSID3042477	1	1
DTXSID3042633	1	1
DTXSID3042500	1	1
DTXSID3043782	1	0
DTXSID3044205	1	1
DTXSID3044201	1	0
DTXSID3044388	0	0
DTXSID3044411	0	0
DTXSID3044413	0	0
DTXSID3044415	0	1
DTXSID3044380	0	0
DTXSID3044382	0	0
DTXSID3044542	0	0
DTXSID3044627	0	0
DTXSID3044544	1	1
DTXSID3044384	0	0
DTXSID3044465	0	0
DTXSID3044629	0	0
DTXSID3044469	0	0
DTXSID3044598	0	0
DTXSID3044702	1	1
DTXSID3044621	0	0
DTXSID3044704	1	1
DTXSID3044883	0	0
DTXSID3044625	0	0
DTXSID3044706	0	0
DTXSID3044750	0	0
DTXSID3044887	0	0
DTXSID3044889	0	1
DTXSID3044910	0	1
DTXSID3044835	1	1
DTXSID3044758	0	0
DTXSID3044831	0	0
DTXSID3044833	0	0
DTXSID3044960	0	0
DTXSID3044837	0	0
DTXSID3044914	0	0
DTXSID3044966	1	1
DTXSID3044754	0	0
DTXSID3044756	0	0
DTXSID3044962	0	0
DTXSID3045227	1	1
DTXSID3045229	0	0
DTXSID3045198	0	0
DTXSID3045221	0	0
DTXSID3045140	0	0
DTXSID3045271	0	0
DTXSID3045300	0	0
DTXSID3045190	0	0
DTXSID3045223	0	0
DTXSID3045192	0	0
DTXSID3045304	0	0
DTXSID3045194	0	0
DTXSID3045196	0	0
DTXSID3045435	1	1
DTXSID3045647	0	0
DTXSID3045514	1	1
DTXSID3045645	0	0
DTXSID3045695	0	0
DTXSID3045697	0	0
DTXSID3045560	1	1
DTXSID3045433	0	0
DTXSID3045562	0	0
DTXSID3045306	0	0
DTXSID3046081	1	0
DTXSID3045859	0	0
DTXSID3046110	0	0
DTXSID3046083	1	1
DTXSID3045805	0	0
DTXSID3045778	0	0
DTXSID3045930	1	1
DTXSID3045934	0	0
DTXSID3045770	0	0
DTXSID3045776	0	0
DTXSID3045807	0	0
DTXSID3045857	0	0
DTXSID3046114	0	0
DTXSID3046320	0	0
DTXSID3046324	0	0
DTXSID3046162	0	0
DTXSID3046326	0	0
DTXSID3046401	1	1
DTXSID3046295	1	0
DTXSID3046297	0	0
DTXSID3046299	0	0
DTXSID3046405	1	1
DTXSID3046409	0	0
DTXSID3046580	0	0
DTXSID3046451	0	0
DTXSID3046453	1	1
DTXSID3046619	1	1
DTXSID3046584	0	0
DTXSID3046663	1	0
DTXSID3046665	1	1
DTXSID3046457	1	0
DTXSID3046459	0	0
DTXSID3046744	0	0
DTXSID3046823	0	0
DTXSID3046792	1	1
DTXSID3046740	1	0
DTXSID3047003	0	0
DTXSID3047001	0	0
DTXSID3046748	0	0
DTXSID3046798	0	0
DTXSID3046821	0	0
DTXSID3046908	1	0
DTXSID3047053	0	0
DTXSID3047055	0	0
DTXSID3047059	0	0
DTXSID3047184	0	0
DTXSID3047182	0	0
DTXSID3047134	0	0
DTXSID3047057	0	0
DTXSID3047130	0	0
DTXSID3047138	0	0
DTXSID3047132	1	1
DTXSID3047186	0	0
DTXSID3047261	0	0
DTXSID3047348	1	1
DTXSID3047265	0	0
DTXSID3047267	0	0
DTXSID3047342	1	0
DTXSID3047344	0	0
DTXSID3047423	0	0
DTXSID3047346	1	0
DTXSID3047429	0	0
DTXSID3047504	0	0
DTXSID3047552	0	0
DTXSID3047631	0	0
DTXSID3047554	0	0
DTXSID3047508	0	0
DTXSID3047556	0	0
DTXSID3047843	1	1
DTXSID3047637	0	0
DTXSID3047716	0	0
DTXSID3047639	0	0
DTXSID3047683	0	0
DTXSID3047687	0	0
DTXSID3047633	0	0
DTXSID3047899	1	0
DTXSID3047849	0	0
DTXSID3047920	0	0
DTXSID3047926	1	1
DTXSID3047928	0	0
DTXSID3047922	0	0
DTXSID3047970	0	0
DTXSID3048522	1	0
DTXSID3047895	0	1
DTXSID3047897	0	0
DTXSID3047972	0	0
DTXSID3048574	0	0
DTXSID3048520	0	0
DTXSID3048576	0	0
DTXSID3048780	1	0
DTXSID3048782	0	0
DTXSID3048603	0	0
DTXSID3048653	1	1
DTXSID3048655	0	0
DTXSID3048605	0	0
DTXSID3048657	1	1
DTXSID3048607	1	1
DTXSID3048659	0	0
DTXSID3048732	0	0
DTXSID3048786	1	0
DTXSID3048869	1	0
DTXSID3048788	0	0
DTXSID3048811	1	1
DTXSID3048817	0	0
DTXSID3048819	0	0
DTXSID3048861	0	0
DTXSID3048998	1	0
DTXSID3048944	1	1
DTXSID3048815	0	0
DTXSID3049041	0	0
DTXSID3048992	0	0
DTXSID3048863	0	0
DTXSID3048948	1	1
DTXSID3049045	0	0
DTXSID3049209	1	1
DTXSID3049205	0	1
DTXSID3049332	1	1
DTXSID3049334	0	0
DTXSID3049259	0	0
DTXSID3049257	0	0
DTXSID3049336	0	0
DTXSID3049253	1	1
DTXSID3049047	1	1
DTXSID3049049	1	1
DTXSID3049207	0	0
DTXSID3049201	0	0
DTXSID3049251	0	0
DTXSID3049338	0	0
DTXSID3049380	0	0
DTXSID3049382	0	0
DTXSID3049417	0	1
DTXSID3049386	0	0
DTXSID3049388	0	0
DTXSID3049384	0	0
DTXSID3049419	0	0
DTXSID3049413	0	0
DTXSID3052060	0	0
DTXSID3052228	0	0
DTXSID7041675	0	0
DTXSID3052278	0	0
DTXSID3052307	0	0
DTXSID3052309	0	0
DTXSID3051381	0	0
DTXSID3051834	1	1
DTXSID3051836	0	0
DTXSID3052010	0	0
DTXSID3052511	1	0
DTXSID3052648	0	0
DTXSID3057640	0	0
DTXSID3057698	0	0
DTXSID3057721	1	1
DTXSID3057642	0	0
DTXSID3057644	1	0
DTXSID3057723	0	0
DTXSID3057729	0	0
DTXSID3057646	0	0
DTXSID3057648	0	0
DTXSID3057771	1	0
DTXSID3057773	0	0
DTXSID3057690	0	0
DTXSID3057692	0	0
DTXSID3057775	0	0
DTXSID3057777	0	0
DTXSID3057694	0	0
DTXSID3057779	0	0
DTXSID3057800	0	0
DTXSID3057802	0	0
DTXSID3057858	0	0
DTXSID3057850	0	0
DTXSID3057806	0	0
DTXSID3057852	1	0
DTXSID3057854	1	1
DTXSID3057856	0	0
DTXSID4020032	0	0
DTXSID4020086	0	0
DTXSID4020167	0	0
DTXSID4020240	0	1
DTXSID4020088	0	0
DTXSID4020113	0	0
DTXSID4020117	0	0
DTXSID4020161	1	0
DTXSID4020242	1	1
DTXSID4020119	0	0
DTXSID4020248	1	1
DTXSID4020290	0	0
DTXSID4020246	0	0
DTXSID4020296	0	0
DTXSID4020298	0	0
DTXSID4020325	0	0
DTXSID4020371	0	0
DTXSID4020321	0	0
DTXSID4020373	1	1
DTXSID4020294	0	1
DTXSID4020329	1	1
DTXSID4020450	1	1
DTXSID4020406	1	1
DTXSID4020452	0	0
DTXSID4020375	1	1
DTXSID4020379	1	1
DTXSID4020458	1	0
DTXSID4020587	0	0
DTXSID4020539	1	0
DTXSID4020581	0	0
DTXSID4020589	1	1
DTXSID4020583	0	0
DTXSID4020612	0	0
DTXSID4020537	0	0
DTXSID4020400	0	0
DTXSID4020745	0	0
DTXSID4020402	0	0
DTXSID4020743	0	0
DTXSID4020616	0	0
DTXSID4020614	1	1
DTXSID4020666	0	0
DTXSID4020668	0	0
DTXSID4020618	1	0
DTXSID4020791	0	0
DTXSID4020822	0	0
DTXSID4020878	0	0
DTXSID4020957	0	0
DTXSID4020959	0	0
DTXSID4020820	0	0
DTXSID4021002	0	0
DTXSID4021006	0	0
DTXSID4021131	1	1
DTXSID4021135	1	1
DTXSID4021137	0	0
DTXSID4021139	0	0
DTXSID4021181	1	1
DTXSID4021189	0	0
DTXSID4021393	0	0
DTXSID4021216	0	0
DTXSID4021185	0	0
DTXSID4021268	0	0
DTXSID4021347	0	0
DTXSID4021395	1	0
DTXSID4021397	0	0
DTXSID4021424	0	0
DTXSID4021472	0	0
DTXSID4021478	1	1
DTXSID4021632	0	0
DTXSID4021715	1	1
DTXSID4021684	0	0
DTXSID4021923	0	0
DTXSID4021890	0	0
DTXSID4021892	0	0
DTXSID4021769	0	0
DTXSID4021842	0	0
DTXSID4021761	0	0
DTXSID4021921	0	0
DTXSID4021975	1	0
DTXSID4021971	0	0
DTXSID4021973	1	1
DTXSID4022109	0	0
DTXSID4022020	0	0
DTXSID4021848	0	0
DTXSID4022070	0	0
DTXSID4022107	0	0
DTXSID4022284	0	0
DTXSID4022288	0	0
DTXSID4022361	1	1
DTXSID4022313	1	1
DTXSID4022448	1	1
DTXSID4022602	0	0
DTXSID4022731	0	0
DTXSID4022573	0	0
DTXSID4022785	0	0
DTXSID4022579	0	0
DTXSID4022783	0	0
DTXSID4022652	1	1
DTXSID4022658	0	0
DTXSID4022810	1	1
DTXSID4022812	0	0
DTXSID4022816	1	1
DTXSID4022367	1	1
DTXSID4022369	1	1
DTXSID4023125	0	0
DTXSID4022866	1	1
DTXSID4023042	1	1
DTXSID4022868	0	0
DTXSID4022947	0	1
DTXSID4023177	0	0
DTXSID4023094	0	0
DTXSID4023096	0	0
DTXSID4022949	0	0
DTXSID4022991	0	0
DTXSID4023179	1	0
DTXSID4023200	0	0
DTXSID4022999	1	1
DTXSID4023202	1	0
DTXSID4023252	0	0
DTXSID4023254	0	0
DTXSID4023674	0	0
DTXSID4023541	0	0
DTXSID4023416	0	0
DTXSID4023460	0	0
DTXSID4023333	0	0
DTXSID4023624	0	0
DTXSID4023676	0	0
DTXSID4023628	0	0
DTXSID4023753	1	1
DTXSID4023626	0	0
DTXSID4023595	0	0
DTXSID4024012	0	0
DTXSID4023672	1	1
DTXSID4024018	0	0
DTXSID4023591	0	0
DTXSID4023620	0	0
DTXSID4023622	0	0
DTXSID4023462	0	0
DTXSID4023549	0	0
DTXSID4023385	0	0
DTXSID4024145	0	0
DTXSID4024193	0	0
DTXSID4024066	1	1
DTXSID4024195	0	0
DTXSID4024274	0	1
DTXSID4024270	1	1
DTXSID4024276	1	1
DTXSID4024272	0	0
DTXSID4024436	1	0
DTXSID4024484	0	0
DTXSID4024515	0	0
DTXSID4024646	1	1
DTXSID4024771	0	0
DTXSID4024690	0	0
DTXSID4024488	0	0
DTXSID4024773	0	0
DTXSID4024692	0	0
DTXSID4024721	0	0
DTXSID4024640	1	0
DTXSID4024729	0	0
DTXSID4024985	0	0
DTXSID4024937	1	0
DTXSID4024981	0	0
DTXSID4025111	0	0
DTXSID4025296	0	0
DTXSID4025086	0	0
DTXSID4025741	0	0
DTXSID4025242	0	0
DTXSID4025113	0	0
DTXSID4025117	0	0
DTXSID4025165	1	1
DTXSID4025292	0	0
DTXSID4025298	0	0
DTXSID4025743	0	0
DTXSID4025745	0	0
DTXSID4025581	0	0
DTXSID4025329	0	0
DTXSID4025662	0	0
DTXSID4025749	1	1
DTXSID4025167	1	0
DTXSID4025612	0	0
DTXSID4025454	0	0
DTXSID4025587	0	0
DTXSID4025404	1	0
DTXSID4025668	0	0
DTXSID4025610	0	0
DTXSID4026183	0	0
DTXSID4025903	0	0
DTXSID4026050	0	0
DTXSID4025791	0	0
DTXSID4025793	0	0
DTXSID4026137	1	1
DTXSID4026139	1	1
DTXSID4026214	1	1
DTXSID4026216	1	0
DTXSID4026262	0	1
DTXSID4026501	0	0
DTXSID4026505	0	0
DTXSID4026684	0	0
DTXSID4026711	0	0
DTXSID4026557	0	0
DTXSID4026266	0	0
DTXSID4026422	0	0
DTXSID4026975	0	0
DTXSID4026715	0	0
DTXSID4026842	0	0
DTXSID4026979	0	0
DTXSID4026769	0	0
DTXSID4027026	0	0
DTXSID4027072	0	0
DTXSID4026921	0	0
DTXSID4026927	0	0
DTXSID4027153	0	0
DTXSID4027236	0	0
DTXSID4027076	0	0
DTXSID4027288	0	0
DTXSID4027159	0	0
DTXSID4027282	0	0
DTXSID4027109	0	0
DTXSID4027361	0	0
DTXSID4027521	0	0
DTXSID4027494	0	0
DTXSID4027496	0	0
DTXSID4027319	0	0
DTXSID4027498	0	0
DTXSID4027781	1	0
DTXSID4027579	0	0
DTXSID4027608	0	0
DTXSID4027789	0	0
DTXSID4027600	0	0
DTXSID4027604	0	0
DTXSID4027656	0	0
DTXSID4027577	0	0
DTXSID4029195	0	0
DTXSID4029149	0	0
DTXSID4029220	0	0
DTXSID4029359	0	0
DTXSID4029353	1	1
DTXSID4030047	1	0
DTXSID4028040	0	0
DTXSID4028967	0	0
DTXSID4029690	0	0
DTXSID4029698	0	0
DTXSID4029143	0	0
DTXSID4031356	0	0
DTXSID4032372	1	1
DTXSID4032459	0	0
DTXSID4032374	1	0
DTXSID4030384	1	1
DTXSID4032378	1	0
DTXSID4032405	0	0
DTXSID4032580	1	1
DTXSID4032611	0	0
DTXSID4032536	1	0
DTXSID4032532	1	0
DTXSID4032376	1	1
DTXSID4032613	1	1
DTXSID4032615	0	0
DTXSID4032619	0	0
DTXSID4034102	0	0
DTXSID4032667	1	1
DTXSID4034150	1	0
DTXSID4034528	0	0
DTXSID4033390	0	0
DTXSID4034287	0	0
DTXSID4034601	0	0
DTXSID4034497	1	1
DTXSID4035592	0	0
DTXSID4034948	0	0
DTXSID4035209	0	0
DTXSID4035839	0	0
DTXSID4034609	1	1
DTXSID4034788	0	0
DTXSID4034869	1	1
DTXSID4034653	1	1
DTXSID4037580	0	0
DTXSID4036229	0	0
DTXSID4037617	0	0
DTXSID4036435	0	0
DTXSID4036489	0	0
DTXSID4036514	1	1
DTXSID4038346	1	0
DTXSID4038762	0	0
DTXSID4037582	0	0
DTXSID4037748	0	0
DTXSID4037584	1	0
DTXSID4038924	0	0
DTXSID4038926	0	0
DTXSID4040268	1	1
DTXSID4039233	0	0
DTXSID4039235	0	0
DTXSID4038847	0	0
DTXSID4040343	0	0
DTXSID4039657	0	0
DTXSID4040002	0	0
DTXSID4038922	1	1
DTXSID4040476	1	0
DTXSID4040711	0	0
DTXSID4040715	0	0
DTXSID4041280	0	0
DTXSID4040767	1	1
DTXSID4040264	1	1
DTXSID4040682	0	0
DTXSID4040686	0	0
DTXSID4041070	0	0
DTXSID4041361	0	0
DTXSID4041238	0	0
DTXSID4041363	0	0
DTXSID4041317	0	0
DTXSID4041230	0	0
DTXSID4041367	1	1
DTXSID4040719	0	0
DTXSID4041232	0	0
DTXSID4041440	0	0
DTXSID4040979	1	1
DTXSID4041527	0	0
DTXSID4041529	0	0
DTXSID4041442	0	0
DTXSID4041573	0	0
DTXSID4041492	0	0
DTXSID4041494	1	0
DTXSID4041446	0	0
DTXSID4041600	1	1
DTXSID4041604	0	0
DTXSID4041783	0	0
DTXSID4042090	0	1
DTXSID4042129	0	1
DTXSID4042094	0	0
DTXSID4041654	0	0
DTXSID4042121	1	0
DTXSID4042096	0	0
DTXSID4041812	0	0
DTXSID4041818	0	0
DTXSID4041995	0	0
DTXSID4041997	0	0
DTXSID4042206	0	0
DTXSID4042416	0	0
DTXSID4042418	0	0
DTXSID4042208	0	0
DTXSID4042252	1	1
DTXSID4042254	0	0
DTXSID4042256	1	1
DTXSID4042335	0	0
DTXSID4042468	0	0
DTXSID4044379	0	1
DTXSID4043937	0	0
DTXSID4044161	0	1
DTXSID4044373	0	0
DTXSID4042622	0	0
DTXSID4043777	1	1
DTXSID4044585	0	0
DTXSID4044450	0	0
DTXSID4044533	1	1
DTXSID4044535	0	0
DTXSID4044404	0	0
DTXSID4044660	0	0
DTXSID4044664	0	0
DTXSID4044668	1	1
DTXSID4044793	0	0
DTXSID4044743	0	0
DTXSID4044799	0	0
DTXSID4044454	0	1
DTXSID4044745	0	0
DTXSID4044456	0	0
DTXSID4044791	0	0
DTXSID4044458	0	0
DTXSID4044874	0	0
DTXSID4044876	0	0
DTXSID4044878	0	0
DTXSID4044901	0	0
DTXSID4044820	0	0
DTXSID4044822	0	1
DTXSID4044824	0	0
DTXSID4044826	0	0
DTXSID4044828	0	0
DTXSID4044872	0	0
DTXSID4044587	0	1
DTXSID4044589	0	0
DTXSID4044618	0	0
DTXSID4044953	0	0
DTXSID4044903	0	0
DTXSID4044955	0	0
DTXSID4044905	0	0
DTXSID4045181	1	1
DTXSID4045183	0	0
DTXSID4044909	0	0
DTXSID4045187	1	1
DTXSID4045189	0	0
DTXSID4045210	0	0
DTXSID4045347	1	0
DTXSID4045632	0	0
DTXSID4045478	0	0
DTXSID4045636	0	0
DTXSID4045551	0	0
DTXSID4045638	1	1
DTXSID4045680	0	0
DTXSID4045393	0	0
DTXSID4045555	0	0
DTXSID4045420	0	0
DTXSID4045686	0	0
DTXSID4045422	0	0
DTXSID4045472	0	0
DTXSID4045474	0	0
DTXSID4045688	0	0
DTXSID4045262	0	0
DTXSID4045424	0	0
DTXSID4045682	1	0
DTXSID4045341	0	0
DTXSID4045345	0	0
DTXSID4045921	0	0
DTXSID4045002	0	0
DTXSID4045131	0	0
DTXSID4045927	1	0
DTXSID4045139	0	0
DTXSID4045896	0	0
DTXSID4045975	0	0
DTXSID4046020	0	0
DTXSID4045898	0	0
DTXSID4045767	0	0
DTXSID4045769	0	0
DTXSID4046024	1	1
DTXSID4046076	0	0
DTXSID4046109	0	0
DTXSID4046151	1	0
DTXSID4046153	0	0
DTXSID4046157	0	0
DTXSID4046159	0	0
DTXSID4046288	0	0
DTXSID4046282	0	0
DTXSID4046286	0	0
DTXSID4046442	0	0
DTXSID4046448	1	0
DTXSID4046315	0	0
DTXSID4046490	0	0
DTXSID4046440	0	0
DTXSID4046604	0	0
DTXSID4046606	1	1
DTXSID4046523	0	0
DTXSID4046739	0	0
DTXSID4046579	0	0
DTXSID4046600	0	0
DTXSID4046529	0	1
DTXSID4046652	0	0
DTXSID4046492	0	1
DTXSID4046602	0	0
DTXSID4047042	0	0
DTXSID4047092	0	0
DTXSID4046810	0	0
DTXSID4047044	0	0
DTXSID4047046	0	0
DTXSID4046949	1	1
DTXSID4047090	0	0
DTXSID4047094	0	0
DTXSID4046999	0	0
DTXSID4047096	0	0
DTXSID4047098	0	0
DTXSID4046864	0	0
DTXSID4047121	0	0
DTXSID4047127	0	0
DTXSID4047129	0	0
DTXSID4047173	0	0
DTXSID4047177	1	0
DTXSID4047200	0	0
DTXSID4047252	0	0
DTXSID4047254	0	1
DTXSID4047202	0	0
DTXSID4047258	0	0
DTXSID4047333	0	0
DTXSID4047206	0	1
DTXSID4047331	1	0
DTXSID4047335	0	0
DTXSID4047381	1	1
DTXSID4047337	1	0
DTXSID4047389	1	1
DTXSID4047410	0	0
DTXSID4047387	1	1
DTXSID4047339	1	0
DTXSID4047383	1	0
DTXSID4047385	0	0
DTXSID4047418	0	0
DTXSID4047412	0	0
DTXSID4047462	0	0
DTXSID4047414	0	0
DTXSID4047464	0	0
DTXSID4047547	0	0
DTXSID4047549	0	0
DTXSID4047591	0	0
DTXSID4047466	0	0
DTXSID4047468	0	0
DTXSID4047543	0	0
DTXSID4047545	0	0
DTXSID4047593	0	0
DTXSID4047599	0	0
DTXSID4047620	0	0
DTXSID4047674	0	0
DTXSID4047624	0	0
DTXSID4047672	0	0
DTXSID4047622	0	0
DTXSID4047678	0	0
DTXSID4047703	0	0
DTXSID4047705	0	0
DTXSID4047965	0	0
DTXSID4047913	1	1
DTXSID4047915	1	1
DTXSID4047911	0	0
DTXSID4047917	1	1
DTXSID4047967	0	0
DTXSID4047919	1	1
DTXSID4047884	0	0
DTXSID4047838	0	0
DTXSID4047969	0	0
DTXSID4047888	0	0
DTXSID4048511	0	0
DTXSID4048513	1	1
DTXSID4048191	1	1
DTXSID4048193	1	0
DTXSID4048199	0	0
DTXSID4048644	0	0
DTXSID4048519	1	1
DTXSID4048690	1	1
DTXSID4048692	0	0
DTXSID4048694	0	0
DTXSID4048696	0	0
DTXSID4048698	1	1
DTXSID4048721	0	0
DTXSID4048725	0	0
DTXSID4048773	0	0
DTXSID4048777	0	0
DTXSID4048800	0	0
DTXSID4048802	0	0
DTXSID4048933	1	0
DTXSID4048935	1	0
DTXSID4048937	1	0
DTXSID4049034	0	0
DTXSID4049036	1	0
DTXSID4048806	0	0
DTXSID4048858	0	0
DTXSID4048983	1	1
DTXSID4048804	1	0
DTXSID4048808	0	0
DTXSID4048854	0	0
DTXSID4048856	1	1
DTXSID4048850	0	0
DTXSID4048852	0	0
DTXSID4049032	0	0
DTXSID4049298	1	1
DTXSID4049080	0	0
DTXSID4049082	0	0
DTXSID4049290	1	1
DTXSID4049246	0	0
DTXSID4049294	0	0
DTXSID4049321	1	1
DTXSID4049325	0	0
DTXSID4049296	1	1
DTXSID4049248	1	0
DTXSID4049292	0	0
DTXSID4049242	0	0
DTXSID4049038	0	0
DTXSID4049244	1	1
DTXSID4049373	0	0
DTXSID4049406	0	0
DTXSID4049375	0	0
DTXSID4049377	0	0
DTXSID4049379	0	0
DTXSID4049329	0	0
DTXSID4049371	0	0
DTXSID4049400	1	1
DTXSID4051536	0	0
DTXSID4051586	0	0
DTXSID4051619	0	0
DTXSID4051900	0	0
DTXSID4052132	0	0
DTXSID4052213	0	0
DTXSID4052267	0	0
DTXSID4052269	1	0
DTXSID4057685	1	1
DTXSID4057687	0	0
DTXSID4057633	1	1
DTXSID4057635	0	0
DTXSID4052342	0	0
DTXSID4057689	1	1
DTXSID4052502	1	1
DTXSID4057631	0	0
DTXSID4052550	0	0
DTXSID4057683	0	0
DTXSID4052554	0	0
DTXSID4057637	0	0
DTXSID4057710	1	0
DTXSID4057712	0	0
DTXSID4057639	0	0
DTXSID4057681	1	1
DTXSID4057714	1	1
DTXSID4057716	0	0
DTXSID4057766	1	1
DTXSID4057768	0	0
DTXSID4057841	0	0
DTXSID4057760	0	0
DTXSID4057764	0	0
DTXSID4057843	0	0
DTXSID4057845	0	0
DTXSID4057762	0	0
DTXSID4057718	0	0
DTXSID4057847	0	0
DTXSID4058655	1	1
DTXSID4057849	1	1
DTXSID5020106	0	0
DTXSID5020152	0	0
DTXSID5020108	0	0
DTXSID5020154	1	1
DTXSID5020156	0	0
DTXSID5020233	1	1
DTXSID5020283	0	0
DTXSID5020287	0	0
DTXSID5020071	1	1
DTXSID5020310	1	1
DTXSID5020312	1	1
DTXSID5020447	1	1
DTXSID5020443	0	0
DTXSID5020499	0	0
DTXSID5020449	0	0
DTXSID5020445	0	0
DTXSID5020239	1	1
DTXSID5020366	1	1
DTXSID5020491	0	0
DTXSID5020281	0	0
DTXSID5020368	0	1
DTXSID5020441	0	0
DTXSID5020314	1	1
DTXSID5020497	0	0
DTXSID5020360	1	0
DTXSID5020493	0	0
DTXSID5020605	0	0
DTXSID5020528	0	0
DTXSID5020601	0	0
DTXSID5020570	0	0
DTXSID5020607	0	0
DTXSID5020576	1	1
DTXSID5020653	1	1
DTXSID5020730	1	1
DTXSID5020784	0	0
DTXSID5020738	0	0
DTXSID5020782	1	0
DTXSID5020732	0	0
DTXSID5020861	1	1
DTXSID5020815	0	0
DTXSID5020819	1	1
DTXSID5020865	1	1
DTXSID5020946	0	1
DTXSID5021093	0	0
DTXSID5020867	1	1
DTXSID5020869	1	1
DTXSID5021120	1	1
DTXSID5021126	1	1
DTXSID5021122	0	0
DTXSID5021128	0	0
DTXSID5020944	0	0
DTXSID5021170	0	0
DTXSID5021253	0	0
DTXSID5021209	0	0
DTXSID5021330	0	0
DTXSID5021338	0	0
DTXSID5021251	0	0
DTXSID5021384	0	0
DTXSID5021386	1	0
DTXSID5021332	1	1
DTXSID5021334	0	0
DTXSID5021336	0	0
DTXSID5021388	0	0
DTXSID5021413	1	1
DTXSID5021546	0	0
DTXSID5021590	0	0
DTXSID5021415	0	0
DTXSID5021627	0	0
DTXSID5021598	0	0
DTXSID5021463	1	1
DTXSID5021419	0	0
DTXSID5021629	0	0
DTXSID5021754	0	0
DTXSID5021758	0	0
DTXSID5021831	0	0
DTXSID5021835	0	0
DTXSID5021881	0	0
DTXSID5021883	0	0
DTXSID5021837	0	0
DTXSID5021839	0	0
DTXSID5022061	0	0
DTXSID5021916	0	0
DTXSID5021885	0	0
DTXSID5022194	0	0
DTXSID5022198	0	0
DTXSID5022227	0	0
DTXSID5021962	0	0
DTXSID5021910	0	0
DTXSID5022279	0	0
DTXSID5022306	1	0
DTXSID5022851	1	0
DTXSID5022641	0	0
DTXSID5022855	1	1
DTXSID5022857	0	0
DTXSID5022643	0	0
DTXSID5022489	0	0
DTXSID5022647	0	0
DTXSID5022649	0	0
DTXSID5022934	1	0
DTXSID5022510	0	0
DTXSID5022560	0	0
DTXSID5022699	0	0
DTXSID5022980	1	1
DTXSID5022982	0	0
DTXSID5022984	0	0
DTXSID5022724	1	1
DTXSID5022774	0	0
DTXSID5023031	0	0
DTXSID5023114	0	0
DTXSID5023243	0	0
DTXSID5023033	0	0
DTXSID5023035	1	0
DTXSID5023037	0	0
DTXSID5023039	0	0
DTXSID5023081	0	0
DTXSID5023293	0	0
DTXSID5023324	0	0
DTXSID5023089	1	0
DTXSID5023370	1	0
DTXSID5023372	1	1
DTXSID5023110	1	1
DTXSID5023322	1	1
DTXSID5023376	0	0
DTXSID5023453	0	0
DTXSID5023532	1	0
DTXSID5023611	0	0
DTXSID5023536	0	0
DTXSID5023613	0	0
DTXSID5023586	0	0
DTXSID5023615	0	0
DTXSID5023588	0	0
DTXSID5023665	0	0
DTXSID5023667	0	0
DTXSID5023742	1	0
DTXSID5023794	1	1
DTXSID5023748	1	0
DTXSID5023796	1	1
DTXSID5023744	0	0
DTXSID5023746	1	0
DTXSID5023669	1	1
DTXSID5023740	1	1
DTXSID5023792	0	0
DTXSID5023875	0	0
DTXSID5023908	1	0
DTXSID5023877	0	0
DTXSID5023902	1	1
DTXSID5023825	0	0
DTXSID5023950	1	1
DTXSID5023900	0	0
DTXSID5023871	1	1
DTXSID5024051	0	0
DTXSID5024055	0	0
DTXSID5024182	0	0
DTXSID5024059	1	1
DTXSID5024134	1	1
DTXSID5024211	1	1
DTXSID5024261	1	1
DTXSID5024344	0	0
DTXSID5024346	0	0
DTXSID5024681	0	0
DTXSID5024683	0	0
DTXSID5024392	0	0
DTXSID5024508	0	0
DTXSID5024500	0	0
DTXSID5024554	1	0
DTXSID5024637	0	0
DTXSID5024639	1	0
DTXSID5024504	0	0
DTXSID5024473	1	1
DTXSID5024922	0	0
DTXSID5024978	0	0
DTXSID5024891	0	0
DTXSID5024764	0	0
DTXSID5024926	0	0
DTXSID5024970	0	0
DTXSID5024976	0	0
DTXSID5024845	0	0
DTXSID5025021	1	1
DTXSID5025023	0	0
DTXSID5025152	0	0
DTXSID5025079	0	0
DTXSID5025100	0	0
DTXSID5025237	0	0
DTXSID5025102	0	0
DTXSID5025150	0	0
DTXSID5025285	0	0
DTXSID5025310	0	0
DTXSID5025603	0	0
DTXSID5025607	0	0
DTXSID5025609	0	0
DTXSID5025364	0	0
DTXSID5025447	0	0
DTXSID5025449	1	0
DTXSID5025570	0	0
DTXSID5025572	0	0
DTXSID5025574	0	0
DTXSID5025863	0	0
DTXSID5025653	0	0
DTXSID5025732	0	0
DTXSID5025657	0	0
DTXSID5025948	0	1
DTXSID5025861	0	0
DTXSID5025998	1	1
DTXSID5026049	0	0
DTXSID5025730	1	1
DTXSID5025738	0	0
DTXSID5025815	0	0
DTXSID5025811	0	0
DTXSID5025819	0	0
DTXSID5026251	1	1
DTXSID5026124	0	0
DTXSID5026091	0	0
DTXSID5026097	1	1
DTXSID5026259	0	0
DTXSID5026178	0	0
DTXSID5026120	1	1
DTXSID5026122	0	0
DTXSID5026544	0	0
DTXSID5026706	0	0
DTXSID5026912	0	0
DTXSID5026203	1	1
DTXSID5026889	0	0
DTXSID5026623	0	0
DTXSID5026625	0	0
DTXSID5026205	1	1
DTXSID5026702	0	0
DTXSID5027019	0	0
DTXSID5027069	0	0
DTXSID5027142	0	0
DTXSID5027146	0	0
DTXSID5027061	1	1
DTXSID5027148	0	0
DTXSID5027198	0	0
DTXSID5027300	0	0
DTXSID5027487	0	0
DTXSID5027302	1	0
DTXSID5027358	0	0
DTXSID5027229	0	0
DTXSID5027433	0	0
DTXSID5027489	0	0
DTXSID5027518	0	0
DTXSID5027512	0	0
DTXSID5027774	0	0
DTXSID5027803	0	0
DTXSID5027772	0	0
DTXSID5027641	0	0
DTXSID5027728	0	0
DTXSID5027770	0	0
DTXSID5027805	0	0
DTXSID5029136	0	0
DTXSID5028114	0	1
DTXSID5029184	0	0
DTXSID5029186	0	0
DTXSID5029211	0	0
DTXSID5029217	0	0
DTXSID5029683	0	0
DTXSID5029762	0	0
DTXSID5031133	0	0
DTXSID5029263	0	0
DTXSID5030955	0	0
DTXSID5029265	0	0
DTXSID5029267	0	0
DTXSID5032442	0	0
DTXSID5032365	0	0
DTXSID5032525	1	1
DTXSID5032498	1	1
DTXSID5031131	0	0
DTXSID5032315	1	1
DTXSID5032523	0	1
DTXSID5032579	0	0
DTXSID5032600	0	0
DTXSID5033595	0	0
DTXSID5033674	0	0
DTXSID5033701	0	0
DTXSID5033098	0	0
DTXSID5033179	0	0
DTXSID5033757	1	1
DTXSID5032654	1	1
DTXSID5032577	0	0
DTXSID5033468	1	1
DTXSID5033096	0	0
DTXSID5033389	0	0
DTXSID5032573	1	1
DTXSID5034357	1	1
DTXSID5034698	0	0
DTXSID5034270	0	0
DTXSID5034303	0	0
DTXSID5034723	0	0
DTXSID5034729	1	1
DTXSID5034355	1	0
DTXSID5034773	1	0
DTXSID5037236	0	0
DTXSID5034981	1	1
DTXSID5035163	0	0
DTXSID5035957	1	0
DTXSID5037494	0	0
DTXSID5035616	0	0
DTXSID5037579	0	0
DTXSID5037527	0	0
DTXSID5037498	1	1
DTXSID5037523	0	0
DTXSID5037571	1	1
DTXSID5040679	1	0
DTXSID5040702	0	0
DTXSID5038919	0	0
DTXSID5038830	0	0
DTXSID5040675	0	0
DTXSID5039224	0	1
DTXSID5038888	1	1
DTXSID5040704	0	1
DTXSID5040700	0	0
DTXSID5039721	1	1
DTXSID5041273	0	0
DTXSID5041275	0	0
DTXSID5040758	0	0
DTXSID5041148	0	0
DTXSID5041190	0	0
DTXSID5040706	1	0
DTXSID5040708	0	0
DTXSID5041308	1	1
DTXSID5040750	0	0
DTXSID5041518	0	0
DTXSID5041439	0	0
DTXSID5041487	0	0
DTXSID5041356	0	0
DTXSID5041641	0	0
DTXSID5041437	0	0
DTXSID5041643	0	0
DTXSID5041512	0	0
DTXSID5041560	0	1
DTXSID5041691	0	0
DTXSID5041699	0	0
DTXSID5041726	1	1
DTXSID5041728	1	0
DTXSID5041809	0	0
DTXSID5041772	1	1
DTXSID5041851	1	1
DTXSID5042324	0	0
DTXSID5042243	0	0
DTXSID5042297	1	0
DTXSID5042584	1	0
DTXSID5042451	0	0
DTXSID5042613	0	0
DTXSID5041778	1	1
DTXSID5042247	1	1
DTXSID5042083	1	1
DTXSID5042320	0	0
DTXSID5043714	0	0
DTXSID5044029	1	1
DTXSID5042249	0	1
DTXSID5043895	1	0
DTXSID5044289	0	0
DTXSID5044360	0	0
DTXSID5044314	0	0
DTXSID5044362	0	0
DTXSID5044316	0	0
DTXSID5044441	0	0
DTXSID5044447	0	0
DTXSID5044491	0	0
DTXSID5044445	0	0
DTXSID5044368	0	0
DTXSID5044520	1	1
DTXSID5044570	0	0
DTXSID5044572	0	0
DTXSID5044574	0	0
DTXSID5044578	0	0
DTXSID5044576	0	0
DTXSID5044526	0	0
DTXSID5044605	0	0
DTXSID5044609	0	0
DTXSID5044655	0	0
DTXSID5044734	0	0
DTXSID5044603	0	0
DTXSID5044732	0	0
DTXSID5044817	1	1
DTXSID5044738	0	0
DTXSID5044819	0	0
DTXSID5044863	0	0
DTXSID5044786	1	1
DTXSID5044940	1	1
DTXSID5044869	1	1
DTXSID5044780	0	0
DTXSID5044865	1	1
DTXSID5044811	1	1
DTXSID5044815	0	0
DTXSID5044782	0	0
DTXSID5044948	0	0
DTXSID5044788	0	0
DTXSID5044994	0	0
DTXSID5044996	0	0
DTXSID5044990	0	0
DTXSID5045176	1	0
DTXSID5045124	0	0
DTXSID5044998	0	0
DTXSID5045209	0	0
DTXSID5045128	0	0
DTXSID5045170	0	0
DTXSID5045093	0	0
DTXSID5045201	0	0
DTXSID5045174	0	0
DTXSID5045380	1	1
DTXSID5045099	0	0
DTXSID5045122	0	0
DTXSID5045382	0	0
DTXSID5045205	1	1
DTXSID5045386	0	0
DTXSID5045625	0	0
DTXSID5045590	0	0
DTXSID5045594	0	0
DTXSID5045469	0	0
DTXSID5045540	0	0
DTXSID5045388	0	0
DTXSID5045461	0	0
DTXSID5045413	1	0
DTXSID5045417	0	0
DTXSID5045677	0	0
DTXSID5045598	1	0
DTXSID5045623	0	0
DTXSID5045752	1	0
DTXSID5045887	0	0
DTXSID5045883	0	0
DTXSID5045889	1	1
DTXSID5045704	0	0
DTXSID5045835	0	0
DTXSID5045833	0	0
DTXSID5045881	1	1
DTXSID5045756	0	0
DTXSID5045700	1	1
DTXSID5045702	0	0
DTXSID5045914	0	0
DTXSID5045916	1	1
DTXSID5045964	0	0
DTXSID5046019	0	0
DTXSID5046015	0	0
DTXSID5046017	0	0
DTXSID5046067	0	0
DTXSID5046069	1	1
DTXSID5046190	0	0
DTXSID5046273	0	0
DTXSID5046275	0	0
DTXSID5046140	1	1
DTXSID5046196	0	0
DTXSID5046221	1	0
DTXSID5046142	0	0
DTXSID5046277	1	1
DTXSID5046279	0	0
DTXSID5046300	0	0
DTXSID5046148	0	0
DTXSID5046225	1	0
DTXSID5046227	1	1
DTXSID5046229	0	0
DTXSID5046271	0	0
DTXSID5046483	0	0
DTXSID5046485	1	0
DTXSID5046437	0	0
DTXSID5046439	1	1
DTXSID5046433	0	0
DTXSID5046512	0	0
DTXSID5046487	0	0
DTXSID5046510	0	0
DTXSID5046481	1	1
DTXSID5046770	0	0
DTXSID5046691	1	0
DTXSID5046772	1	1
DTXSID5046641	0	0
DTXSID5046699	0	0
DTXSID5046776	0	0
DTXSID5046695	0	0
DTXSID5046697	0	0
DTXSID5046801	1	0
DTXSID5046724	1	0
DTXSID5046726	1	0
DTXSID5046560	0	0
DTXSID5046693	0	0
DTXSID5047037	0	0
DTXSID5046938	0	0
DTXSID5046803	0	0
DTXSID5046980	0	0
DTXSID5047039	0	0
DTXSID5046851	1	0
DTXSID5046853	0	0
DTXSID5047031	1	0
DTXSID5047033	0	0
DTXSID5047081	0	0
DTXSID5047160	0	0
DTXSID5047166	0	0
DTXSID5047089	0	0
DTXSID5047168	0	0
DTXSID5047118	0	0
DTXSID5047110	0	0
DTXSID5047083	0	0
DTXSID5047087	0	0
DTXSID5047162	0	0
DTXSID5047164	0	0
DTXSID5047243	0	0
DTXSID5047320	1	1
DTXSID5047241	0	0
DTXSID5047295	1	1
DTXSID5047249	0	0
DTXSID5047299	1	0
DTXSID5047291	0	0
DTXSID5047297	1	0
DTXSID5047324	1	0
DTXSID5047328	1	1
DTXSID5047322	1	1
DTXSID5047372	0	0
DTXSID5047374	1	0
DTXSID5047611	0	0
DTXSID5047451	1	0
DTXSID5047530	1	1
DTXSID5047459	0	0
DTXSID5047538	0	0
DTXSID5047582	0	0
DTXSID5047584	0	0
DTXSID5047376	0	0
DTXSID5047405	0	0
DTXSID5047825	1	1
DTXSID5047871	1	1
DTXSID5047790	0	0
DTXSID5047663	0	0
DTXSID5047617	0	0
DTXSID5047661	0	0
DTXSID5047665	0	0
DTXSID5047744	0	0
DTXSID5047873	1	1
DTXSID5047879	1	1
DTXSID5047875	0	0
DTXSID5047902	0	0
DTXSID5047877	0	0
DTXSID5048180	0	0
DTXSID5048184	0	0
DTXSID5047952	1	1
DTXSID5047954	0	0
DTXSID5048211	0	0
DTXSID5047904	1	1
DTXSID5048506	1	1
DTXSID5048186	1	0
DTXSID5048182	0	0
DTXSID5047906	0	0
DTXSID5047908	0	0
DTXSID5048637	1	0
DTXSID5048716	1	0
DTXSID5048635	0	0
DTXSID5048421	0	0
DTXSID5048841	0	0
DTXSID5048188	0	0
DTXSID5048843	1	1
DTXSID5048920	1	1
DTXSID5048847	0	0
DTXSID5048849	1	1
DTXSID5048891	0	0
DTXSID5048897	1	0
DTXSID5048893	0	0
DTXSID5048895	0	0
DTXSID5048845	0	0
DTXSID5048928	1	1
DTXSID5048899	0	0
DTXSID5048922	1	1
DTXSID5048924	0	0
DTXSID5049237	1	1
DTXSID5049021	1	1
DTXSID5049285	0	0
DTXSID5049235	0	0
DTXSID5048974	1	0
DTXSID5049287	0	0
DTXSID5049239	0	0
DTXSID5049231	0	0
DTXSID5049233	0	0
DTXSID5049281	0	0
DTXSID5049283	1	1
DTXSID5049289	0	0
DTXSID5049310	0	0
DTXSID5049316	0	0
DTXSID5049366	1	0
DTXSID5049368	0	0
DTXSID5049318	0	0
DTXSID5049360	0	0
DTXSID5049362	0	0
DTXSID5049312	1	0
DTXSID5049364	0	0
DTXSID5049314	0	0
DTXSID5051650	1	1
DTXSID5052250	0	0
DTXSID5052595	0	0
DTXSID5052597	0	0
DTXSID5052254	0	0
DTXSID5052460	1	0
DTXSID5052620	0	0
DTXSID5052591	0	0
DTXSID5051446	0	0
DTXSID5052672	0	0
DTXSID5052593	0	0
DTXSID5051529	0	0
DTXSID5051999	1	0
DTXSID5052838	0	0
DTXSID5052042	0	0
DTXSID5052125	0	0
DTXSID5050426	0	0
DTXSID5051440	0	0
DTXSID5052832	1	0
DTXSID5052884	0	0
DTXSID5057620	0	0
DTXSID5057622	1	1
DTXSID5057676	0	0
DTXSID5057678	1	0
DTXSID5057753	1	0
DTXSID5057624	0	0
DTXSID5057626	0	0
DTXSID5057832	1	1
DTXSID5057834	1	0
DTXSID5057755	0	0
DTXSID5057628	0	0
DTXSID5057836	0	0
DTXSID5057751	1	0
DTXSID5057701	0	0
DTXSID5057757	0	0
DTXSID5057670	0	0
DTXSID5057838	1	1
DTXSID5057672	0	0
DTXSID5057674	0	1
DTXSID5057703	1	1
DTXSID5057759	0	0
DTXSID5057830	0	0
DTXSID5057705	0	0
DTXSID5057707	0	0
DTXSID5057709	0	0
DTXSID6020014	0	0
DTXSID6020068	0	0
DTXSID6020066	0	0
DTXSID6020141	0	0
DTXSID6020143	0	0
DTXSID6020197	1	1
DTXSID6020147	0	0
DTXSID6020149	0	0
DTXSID6020193	0	0
DTXSID6020145	0	0
DTXSID6020224	0	0
DTXSID6020274	0	0
DTXSID6020309	0	0
DTXSID6020359	0	0
DTXSID6020355	0	0
DTXSID6020357	0	0
DTXSID6020276	0	1
DTXSID6020278	1	1
DTXSID6020430	0	0
DTXSID6020432	1	1
DTXSID6020515	0	0
DTXSID6020561	1	1
DTXSID6020513	0	1
DTXSID6020484	0	0
DTXSID6020511	1	1
DTXSID6020569	0	0
DTXSID6020771	0	0
DTXSID6020694	0	0
DTXSID6020696	0	0
DTXSID6020777	0	0
DTXSID6020721	0	0
DTXSID6020779	0	0
DTXSID6020646	0	0
DTXSID6020802	0	0
DTXSID6020804	0	1
DTXSID6020648	0	0
DTXSID6020856	0	0
DTXSID6020933	0	0
DTXSID6020981	0	0
DTXSID6020983	1	1
DTXSID6020985	1	0
DTXSID6021030	0	0
DTXSID6021032	0	0
DTXSID6021080	1	1
DTXSID6021082	1	0
DTXSID6021117	0	0
DTXSID6021036	0	0
DTXSID6021292	0	0
DTXSID6021294	0	0
DTXSID6021371	0	0
DTXSID6021244	1	0
DTXSID6021373	0	0
DTXSID6021296	0	0
DTXSID6021246	1	1
DTXSID6021375	0	0
DTXSID6021321	0	0
DTXSID6021248	1	1
DTXSID6021290	0	0
DTXSID6021165	0	0
DTXSID6021240	1	1
DTXSID6021377	0	0
DTXSID6021404	0	0
DTXSID6021408	1	1
DTXSID6021379	0	0
DTXSID6021402	0	0
DTXSID6021450	1	0
DTXSID6021666	0	0
DTXSID6021585	0	1
DTXSID6021458	0	0
DTXSID6021456	1	0
DTXSID6021618	0	0
DTXSID6021793	1	1
DTXSID6021795	0	0
DTXSID6021799	0	0
DTXSID6021909	0	0
DTXSID6021822	0	0
DTXSID6021824	1	1
DTXSID6021872	0	0
DTXSID6021953	1	0
DTXSID6021957	0	0
DTXSID6021828	0	0
DTXSID6022050	0	0
DTXSID6022056	0	1
DTXSID6022133	0	0
DTXSID6022000	0	0
DTXSID6022131	1	1
DTXSID6022002	0	0
DTXSID6022137	0	0
DTXSID6022187	0	0
DTXSID6022341	0	0
DTXSID6022345	1	1
DTXSID6022422	0	0
DTXSID6022684	0	0
DTXSID6022688	1	0
DTXSID6022472	0	0
DTXSID6022715	1	0
DTXSID6022557	0	0
DTXSID6022719	0	0
DTXSID6022842	0	0
DTXSID6022636	1	0
DTXSID6022474	0	0
DTXSID6022844	1	1
DTXSID6022927	0	0
DTXSID6022975	0	0
DTXSID6023101	0	0
DTXSID6022973	0	0
DTXSID6022846	0	0
DTXSID6022977	0	0
DTXSID6022892	0	0
DTXSID6023024	1	1
DTXSID6023028	0	0
DTXSID6023103	0	0
DTXSID6022894	0	0
DTXSID6023109	0	0
DTXSID6023153	1	0
DTXSID6023157	0	0
DTXSID6023159	0	0
DTXSID6023317	1	0
DTXSID6023367	0	0
DTXSID6023369	1	0
DTXSID6023286	0	0
DTXSID6023363	1	0
DTXSID6023313	0	0
DTXSID6023602	0	0
DTXSID6023999	0	0
DTXSID6024046	1	1
DTXSID6023656	1	1
DTXSID6023606	0	0
DTXSID6023440	0	0
DTXSID6023442	0	0
DTXSID6023608	0	0
DTXSID6023490	1	1
DTXSID6023652	0	0
DTXSID6023496	0	0
DTXSID6023868	1	1
DTXSID6023529	0	0
DTXSID6023862	0	0
DTXSID6023864	0	0
DTXSID6023997	1	0
DTXSID6023737	0	0
DTXSID6023810	1	1
DTXSID6024175	0	0
DTXSID6024204	0	0
DTXSID6024206	0	0
DTXSID6024177	0	0
DTXSID6024200	0	0
DTXSID6024254	1	1
DTXSID6024414	0	0
DTXSID6024460	1	0
DTXSID6024048	1	1
DTXSID6024462	0	0
DTXSID6024337	0	0
DTXSID6024412	0	0
DTXSID6024466	0	0
DTXSID6024123	1	0
DTXSID6024591	0	0
DTXSID6024597	0	0
DTXSID6024674	0	0
DTXSID6024599	1	1
DTXSID6024624	0	0
DTXSID6024836	0	0
DTXSID6024838	1	1
DTXSID6024834	0	0
DTXSID6024886	0	0
DTXSID6024882	0	1
DTXSID6024888	0	0
DTXSID6024832	1	1
DTXSID6025014	0	0
DTXSID6025064	0	0
DTXSID6024961	1	1
DTXSID6024967	0	0
DTXSID6025226	1	1
DTXSID6025272	0	0
DTXSID6025143	0	0
DTXSID6025149	0	1
DTXSID6025145	0	0
DTXSID6025068	0	0
DTXSID6025303	0	0
DTXSID6025640	0	0
DTXSID6025690	1	0
DTXSID6025642	0	0
DTXSID6025305	0	0
DTXSID6025307	0	0
DTXSID6025301	0	0
DTXSID6025309	0	0
DTXSID6025648	1	1
DTXSID6025567	0	0
DTXSID6025692	0	0
DTXSID6025696	1	1
DTXSID6025569	0	0
DTXSID6025432	0	0
DTXSID6025436	1	1
DTXSID6025480	0	0
DTXSID6025513	1	1
DTXSID6025939	0	0
DTXSID6026080	0	0
DTXSID6025723	0	0
DTXSID6026088	0	0
DTXSID6026084	1	0
DTXSID6025725	0	0
DTXSID6026115	0	0
DTXSID6025775	0	0
DTXSID6026119	0	0
DTXSID6026161	0	0
DTXSID6026167	0	0
DTXSID6026797	0	0
DTXSID6026799	0	0
DTXSID6026612	0	0
DTXSID6026664	0	1
DTXSID6026169	0	0
DTXSID6026240	0	0
DTXSID6026878	0	0
DTXSID6026450	0	0
DTXSID6026535	0	0
DTXSID6026537	0	0
DTXSID6026294	1	1
DTXSID6026298	0	0
DTXSID6027050	0	1
DTXSID6026955	0	0
DTXSID6027131	0	0
DTXSID6027133	0	0
DTXSID6027218	0	0
DTXSID6027137	0	0
DTXSID6027181	0	0
DTXSID6027262	0	0
DTXSID6027185	0	0
DTXSID6027341	0	0
DTXSID6027636	0	0
DTXSID6027503	0	0
DTXSID6027343	0	0
DTXSID6027345	1	0
DTXSID6027507	0	0
DTXSID6027713	0	0
DTXSID6027509	0	0
DTXSID6027551	0	0
DTXSID6027397	0	0
DTXSID6029254	0	0
DTXSID6028022	1	1
DTXSID6029202	0	0
DTXSID6029121	1	0
DTXSID6029127	0	0
DTXSID6029171	0	0
DTXSID6030607	0	0
DTXSID6029331	0	0
DTXSID6029626	0	0
DTXSID6029670	0	0
DTXSID6029703	0	0
DTXSID6029707	0	0
DTXSID6032192	1	1
DTXSID6032354	1	0
DTXSID6031380	0	0
DTXSID6031461	0	0
DTXSID6032352	1	0
DTXSID6032061	0	1
DTXSID6032356	0	0
DTXSID6032358	0	0
DTXSID6032431	0	1
DTXSID6032437	0	0
DTXSID6032514	0	1
DTXSID6032645	0	0
DTXSID6032562	1	1
DTXSID6032518	1	1
DTXSID6032641	0	0
DTXSID6033825	0	0
DTXSID6034186	1	1
DTXSID6032722	0	0
DTXSID6033241	0	0
DTXSID6034005	0	0
DTXSID6034265	0	0
DTXSID6032647	1	0
DTXSID6033247	1	1
DTXSID6033538	1	1
DTXSID6032649	0	0
DTXSID6033401	0	0
DTXSID6034762	1	0
DTXSID6034928	1	0
DTXSID6034764	0	0
DTXSID6034849	0	0
DTXSID6034392	1	0
DTXSID6034972	0	0
DTXSID6035156	0	0
DTXSID6035152	0	0
DTXSID6035784	0	0
DTXSID6035285	0	0
DTXSID6036467	1	0
DTXSID6038798	0	0
DTXSID6037697	0	0
DTXSID6037015	0	0
DTXSID6037483	0	0
DTXSID6038326	1	0
DTXSID6037564	1	1
DTXSID6038877	1	1
DTXSID6037568	0	0
DTXSID6038827	0	0
DTXSID6040375	0	0
DTXSID6040404	0	0
DTXSID6040583	0	0
DTXSID6040246	0	0
DTXSID6040111	0	0
DTXSID6040290	1	1
DTXSID6040296	0	0
DTXSID6040115	0	0
DTXSID6040371	1	1
DTXSID6040373	1	0
DTXSID6041133	0	0
DTXSID6041210	0	0
DTXSID6040743	0	0
DTXSID6040662	1	0
DTXSID6041137	0	0
DTXSID6040664	0	0
DTXSID6040668	1	1
DTXSID6040747	0	0
DTXSID6040745	0	0
DTXSID6040795	0	0
DTXSID6041185	0	0
DTXSID6041268	1	0
DTXSID6041426	0	0
DTXSID6041347	0	0
DTXSID6041472	0	0
DTXSID6041420	0	0
DTXSID6041349	0	0
DTXSID6041422	1	1
DTXSID6041397	0	0
DTXSID6041424	0	0
DTXSID6041503	1	1
DTXSID6041551	0	0
DTXSID6041636	0	0
DTXSID6041684	1	1
DTXSID6041507	0	0
DTXSID6041715	0	0
DTXSID6041719	1	0
DTXSID6041638	0	0
DTXSID6041688	0	1
DTXSID6041680	1	0
DTXSID6042234	0	0
DTXSID6042280	0	0
DTXSID6042074	0	0
DTXSID6042151	0	0
DTXSID6041927	0	0
DTXSID6042282	0	0
DTXSID6041892	0	0
DTXSID6042157	0	0
DTXSID6042232	0	0
DTXSID6041844	0	0
DTXSID6041973	1	1
DTXSID6041977	1	1
DTXSID6042072	0	0
DTXSID6042440	0	0
DTXSID6042448	0	0
DTXSID6042490	0	0
DTXSID6042494	0	0
DTXSID6042579	1	1
DTXSID6042602	1	1
DTXSID6042365	0	0
DTXSID6042521	0	0
DTXSID6043709	1	0
DTXSID6042369	1	1
DTXSID6043919	0	0
DTXSID6043913	0	0
DTXSID6044199	1	0
DTXSID6044307	0	0
DTXSID6042498	1	1
DTXSID6044309	1	1
DTXSID6042315	0	0
DTXSID6043915	1	1
DTXSID6044303	1	0
DTXSID6044226	0	0
DTXSID6044353	0	0
DTXSID6043917	0	0
DTXSID6044511	0	0
DTXSID6044513	0	0
DTXSID6044438	0	0
DTXSID6044359	0	0
DTXSID6044355	0	0
DTXSID6044357	0	0
DTXSID6044430	0	0
DTXSID6044517	0	0
DTXSID6044519	0	0
DTXSID6044561	0	0
DTXSID6044563	1	0
DTXSID6044565	0	0
DTXSID6044642	1	1
DTXSID6044644	0	0
DTXSID6044721	0	0
DTXSID6044646	0	0
DTXSID6044648	0	0
DTXSID6044690	1	0
DTXSID6044771	0	0
DTXSID6044773	0	0
DTXSID6044777	0	0
DTXSID6044692	0	0
DTXSID6044696	0	0
DTXSID6044698	0	0
DTXSID6044939	1	0
DTXSID6044858	0	0
DTXSID6044725	0	0
DTXSID6044808	0	0
DTXSID6044852	0	0
DTXSID6044800	0	0
DTXSID6044802	0	0
DTXSID6044856	0	0
DTXSID6044933	0	0
DTXSID6044989	0	0
DTXSID6044981	0	0
DTXSID6045321	0	0
DTXSID6045371	0	0
DTXSID6045248	0	0
DTXSID6045088	0	0
DTXSID6045323	1	1
DTXSID6045161	1	1
DTXSID6045163	1	0
DTXSID6045117	1	0
DTXSID6045119	0	0
DTXSID6045165	1	1
DTXSID6045373	1	0
DTXSID6045292	0	0
DTXSID6045296	0	0
DTXSID6045167	0	0
DTXSID6045169	0	0
DTXSID6045583	0	1
DTXSID6045616	1	1
DTXSID6045618	0	0
DTXSID6045660	0	0
DTXSID6045375	0	0
DTXSID6045531	0	0
DTXSID6045377	1	1
DTXSID6045452	1	1
DTXSID6045662	1	1
DTXSID6045587	1	0
DTXSID6045400	0	0
DTXSID6045533	0	0
DTXSID6045614	1	0
DTXSID6045666	1	1
DTXSID6045743	0	1
DTXSID6045791	1	1
DTXSID6045668	0	0
DTXSID6045820	0	0
DTXSID6045741	0	0
DTXSID6045907	0	0
DTXSID6045828	0	0
DTXSID6045745	1	0
DTXSID6045909	0	0
DTXSID6045878	0	0
DTXSID6045874	0	0
DTXSID6045953	1	1
DTXSID6046216	0	0
DTXSID6046137	1	1
DTXSID6046000	1	0
DTXSID6046260	0	0
DTXSID6045955	1	1
DTXSID6046181	0	0
DTXSID6045957	1	1
DTXSID6046131	0	0
DTXSID6046395	0	0
DTXSID6046399	0	0
DTXSID6046264	0	0
DTXSID6046266	0	0
DTXSID6046341	1	0
DTXSID6046343	0	0
DTXSID6046424	0	0
DTXSID6046426	0	0
DTXSID6046428	1	1
DTXSID6046470	1	0
DTXSID6046472	1	1
DTXSID6046715	0	0
DTXSID6046634	0	0
DTXSID6046503	1	1
DTXSID6046474	0	0
DTXSID6046638	0	0
DTXSID6046478	1	0
DTXSID6046505	0	0
DTXSID6046507	1	1
DTXSID6046501	0	0
DTXSID6046553	1	1
DTXSID6046555	1	0
DTXSID6046557	0	0
DTXSID6046767	0	0
DTXSID6046842	0	0
DTXSID6046890	0	0
DTXSID6047028	0	0
DTXSID6046892	1	1
DTXSID6047072	0	0
DTXSID6047074	0	0
DTXSID6047101	0	0
DTXSID6047103	0	0
DTXSID6047070	0	0
DTXSID6046977	0	0
DTXSID6046979	1	1
DTXSID6046925	1	1
DTXSID6047078	0	0
DTXSID6047105	0	0
DTXSID6047157	0	0
DTXSID6047159	0	0
DTXSID6047236	0	0
DTXSID6047280	1	1
DTXSID6047107	0	0
DTXSID6047109	0	0
DTXSID6047155	0	0
DTXSID6047284	0	0
DTXSID6047313	1	0
DTXSID6047286	0	0
DTXSID6047288	1	1
DTXSID6047282	1	0
DTXSID6047311	1	1
DTXSID6047319	0	0
DTXSID6047490	0	0
DTXSID6047363	0	0
DTXSID6047444	0	0
DTXSID6047440	0	0
DTXSID6047315	1	1
DTXSID6047498	1	1
DTXSID6047781	0	0
DTXSID6047608	0	0
DTXSID6047604	0	0
DTXSID6047654	0	0
DTXSID6047606	0	0
DTXSID6047525	0	0
DTXSID6047446	1	1
DTXSID6047369	1	1
DTXSID6047529	0	0
DTXSID6047523	0	0
DTXSID6047783	0	0
DTXSID6047785	1	1
DTXSID6047787	0	0
DTXSID6047579	0	0
DTXSID6047789	0	0
DTXSID6047818	0	0
DTXSID6047602	0	0
DTXSID6047949	1	1
DTXSID6047941	0	1
DTXSID6048175	1	0
DTXSID6048204	0	0
DTXSID6047947	0	0
DTXSID6048202	0	0
DTXSID6048206	0	0
DTXSID6047943	1	1
DTXSID6048171	1	1
DTXSID6048200	0	0
DTXSID6048676	0	0
DTXSID6048672	0	0
DTXSID6048208	0	0
DTXSID6048620	0	0
DTXSID6048383	0	0
DTXSID6048830	0	0
DTXSID6048834	0	0
DTXSID6048591	0	0
DTXSID6048674	1	0
DTXSID6048597	0	0
DTXSID6048884	0	0
DTXSID6048967	1	1
DTXSID6048886	0	0
DTXSID6048888	0	0
DTXSID6048836	0	0
DTXSID6049270	0	0
DTXSID6049272	0	0
DTXSID6049274	0	0
DTXSID6049276	0	0
DTXSID6049278	0	0
DTXSID6048882	0	0
DTXSID6048965	0	0
DTXSID6049222	1	1
DTXSID6049224	1	1
DTXSID6049226	1	1
DTXSID6049064	0	0
DTXSID6049066	1	1
DTXSID6048919	1	1
DTXSID6049060	0	0
DTXSID6048880	0	0
DTXSID6048961	1	1
DTXSID6048838	0	0
DTXSID6049068	0	0
DTXSID6049228	1	1
DTXSID6049220	0	0
DTXSID6049303	1	0
DTXSID6049305	0	0
DTXSID6049307	1	0
DTXSID6049359	1	1
DTXSID6049430	0	0
DTXSID6049432	0	0
DTXSID6049309	0	0
DTXSID6049357	1	1
DTXSID6050386	0	0
DTXSID6051724	0	0
DTXSID6051778	0	0
DTXSID6052112	0	0
DTXSID6052291	0	0
DTXSID6052295	0	0
DTXSID6051564	0	0
DTXSID6051566	1	1
DTXSID6051695	0	0
DTXSID6052538	0	0
DTXSID6052619	1	1
DTXSID6057665	0	0
DTXSID6057667	0	0
DTXSID6057611	0	0
DTXSID6057669	1	0
DTXSID6057740	0	0
DTXSID6052740	1	1
DTXSID6052328	0	0
DTXSID6052536	0	0
DTXSID6057742	0	0
DTXSID6057744	0	0
DTXSID6057746	0	0
DTXSID6057615	0	0
DTXSID6057617	0	0
DTXSID6057619	1	1
DTXSID6057661	1	0
DTXSID6057663	0	0
DTXSID6057748	0	0
DTXSID6057794	0	0
DTXSID6057796	0	0
DTXSID6057798	0	0
DTXSID6057823	0	0
DTXSID6057825	0	0
DTXSID6057821	1	1
DTXSID6057827	0	0
DTXSID6057829	0	0
DTXSID6057613	1	1
DTXSID7020007	0	0
DTXSID7020053	0	0
DTXSID7020057	0	0
DTXSID7020184	1	1
DTXSID7020213	0	0
DTXSID7020138	1	0
DTXSID7020263	0	0
DTXSID7020348	0	0
DTXSID7020267	1	1
DTXSID7020340	0	0
DTXSID7020265	0	0
DTXSID7020392	0	1
DTXSID7020344	0	0
DTXSID7020427	0	0
DTXSID7020504	0	0
DTXSID7020398	0	1
DTXSID7020421	0	0
DTXSID7020479	0	0
DTXSID7020425	1	1
DTXSID7020685	1	0
DTXSID7020552	0	0
DTXSID7020558	1	1
DTXSID7020687	1	0
DTXSID7020631	1	1
DTXSID7020635	1	1
DTXSID7020689	0	0
DTXSID7020714	0	0
DTXSID7020760	0	0
DTXSID7020762	0	0
DTXSID7020766	0	0
DTXSID7020764	1	1
DTXSID7020710	0	0
DTXSID7020841	0	0
DTXSID7020899	0	0
DTXSID7020847	0	0
DTXSID7020893	0	0
DTXSID7020928	0	0
DTXSID7020843	0	0
DTXSID7020845	0	0
DTXSID7020920	0	0
DTXSID7020922	0	0
DTXSID7020970	1	1
DTXSID7020972	0	1
DTXSID7021150	0	1
DTXSID7021158	0	0
DTXSID7021231	1	0
DTXSID7021233	1	1
DTXSID7021235	1	1
DTXSID7021237	1	1
DTXSID7021100	1	1
DTXSID7021102	0	0
DTXSID7020978	1	0
DTXSID7021027	0	0
DTXSID7021029	0	0
DTXSID7021360	0	0
DTXSID7021287	0	0
DTXSID7021362	0	0
DTXSID7021366	0	0
DTXSID7021289	1	1
DTXSID7021312	1	0
DTXSID7021314	1	1
DTXSID7021364	0	0
DTXSID7021499	0	0
DTXSID7021316	1	1
DTXSID7021520	0	0
DTXSID7021239	0	0
DTXSID7021491	0	0
DTXSID7021318	0	0
DTXSID7021493	0	0
DTXSID7021603	0	0
DTXSID7021605	0	0
DTXSID7021607	0	0
DTXSID7021782	1	0
DTXSID7021655	0	0
DTXSID7021784	1	1
DTXSID7021863	0	0
DTXSID7021867	0	0
DTXSID7021657	0	0
DTXSID7021780	0	0
DTXSID7021815	0	0
DTXSID7021861	0	0
DTXSID7021994	1	0
DTXSID7021992	0	0
DTXSID7021998	0	0
DTXSID7022043	0	0
DTXSID7022120	1	1
DTXSID7022093	0	0
DTXSID7022049	0	0
DTXSID7022170	0	0
DTXSID7021948	0	0
DTXSID7022253	1	1
DTXSID7022174	1	1
DTXSID7022415	0	0
DTXSID7022417	0	0
DTXSID7022590	0	0
DTXSID7022540	0	0
DTXSID7022592	1	0
DTXSID7022172	0	0
DTXSID7022883	1	1
DTXSID7022910	0	0
DTXSID7022914	0	0
DTXSID7022968	0	0
DTXSID7023011	0	0
DTXSID7023019	0	0
DTXSID7023061	0	0
DTXSID7022835	0	0
DTXSID7023063	0	0
DTXSID7023067	1	1
DTXSID7022679	0	0
DTXSID7022598	1	1
DTXSID7022704	0	0
DTXSID7022629	1	1
DTXSID7022833	0	0
DTXSID7022673	0	0
DTXSID7023194	0	0
DTXSID7023221	0	0
DTXSID7023227	1	0
DTXSID7023140	0	0
DTXSID7023146	0	0
DTXSID7023481	1	1
DTXSID7023350	0	0
DTXSID7023148	1	0
DTXSID7023352	1	0
DTXSID7023190	1	1
DTXSID7023485	0	0
DTXSID7023487	0	0
DTXSID7023510	0	0
DTXSID7023356	0	0
DTXSID7023437	0	0
DTXSID7023691	0	0
DTXSID7023724	0	0
DTXSID7023853	1	0
DTXSID7023697	0	0
DTXSID7023512	0	0
DTXSID7023516	0	0
DTXSID7023518	1	1
DTXSID7023568	0	0
DTXSID7023645	0	0
DTXSID7023932	1	1
DTXSID7023699	0	0
DTXSID7023722	0	0
DTXSID7023936	0	0
DTXSID7023938	0	0
DTXSID7023300	0	0
DTXSID7024081	0	0
DTXSID7023277	0	0
DTXSID7024035	0	0
DTXSID7023980	0	0
DTXSID7024087	0	0
DTXSID7024031	0	0
DTXSID7024164	0	0
DTXSID7024110	1	0
DTXSID7024112	0	0
DTXSID7024166	0	0
DTXSID7024320	0	0
DTXSID7024247	0	0
DTXSID7024376	0	0
DTXSID7024291	1	1
DTXSID7024409	0	0
DTXSID7024328	0	0
DTXSID7024455	0	0
DTXSID7024370	0	0
DTXSID7024160	1	1
DTXSID7024457	1	1
DTXSID7024661	0	0
DTXSID7024299	1	1
DTXSID7024667	0	0
DTXSID7024532	0	0
DTXSID7024241	1	1
DTXSID7024873	0	0
DTXSID7024821	0	0
DTXSID7024875	0	0
DTXSID7024245	1	1
DTXSID7024827	1	1
DTXSID7024956	0	1
DTXSID7025003	0	0
DTXSID7024902	1	1
DTXSID7025051	0	0
DTXSID7025053	0	0
DTXSID7025055	0	0
DTXSID7024580	0	0
DTXSID7024586	0	0
DTXSID7025215	0	0
DTXSID7025217	0	0
DTXSID7025134	0	0
DTXSID7025136	0	0
DTXSID7025132	0	0
DTXSID7025138	0	1
DTXSID7025180	0	0
DTXSID7025346	0	0
DTXSID7025421	0	0
DTXSID7025423	0	0
DTXSID7025506	0	0
DTXSID7025427	0	0
DTXSID7025508	0	0
DTXSID7025479	0	0
DTXSID7025502	0	0
DTXSID7025764	0	0
DTXSID7025768	0	0
DTXSID7025558	1	0
DTXSID7025895	1	1
DTXSID7025922	0	0
DTXSID7025633	0	0
DTXSID7025924	0	0
DTXSID7025635	1	1
DTXSID7026108	0	0
DTXSID7025639	0	0
DTXSID7025689	0	0
DTXSID7025637	0	0
DTXSID7025716	0	0
DTXSID7026102	1	0
DTXSID7026235	0	0
DTXSID7026285	0	0
DTXSID7026231	1	0
DTXSID7026156	0	0
DTXSID7026029	0	0
DTXSID7025972	0	0
DTXSID7025926	0	1
DTXSID7026368	0	0
DTXSID7026526	0	0
DTXSID7026441	0	0
DTXSID7026528	0	0
DTXSID7026366	1	0
DTXSID7026520	1	1
DTXSID7026499	0	0
DTXSID7026653	0	0
DTXSID7026655	1	1
DTXSID7026572	1	0
DTXSID7026605	0	0
DTXSID7026998	0	0
DTXSID7027041	0	1
DTXSID7026946	0	0
DTXSID7026811	0	0
DTXSID7026867	0	0
DTXSID7027047	0	0
DTXSID7026994	0	0
DTXSID7026863	0	0
DTXSID7027334	0	0
DTXSID7027178	0	1
DTXSID7027049	0	0
DTXSID7027259	0	0
DTXSID7027174	0	0
DTXSID7027205	0	0
DTXSID7027253	0	0
DTXSID7027099	0	0
DTXSID7027338	0	0
DTXSID7027122	0	0
DTXSID7027413	0	0
DTXSID7027594	1	0
DTXSID7027540	0	1
DTXSID7027546	0	0
DTXSID7027542	1	0
DTXSID7027467	1	0
DTXSID7027596	0	0
DTXSID7027756	1	1
DTXSID7027833	0	0
DTXSID7027598	0	0
DTXSID7027625	0	0
DTXSID7027887	1	0
DTXSID7027966	0	0
DTXSID7028300	0	0
DTXSID7029110	0	0
DTXSID7029160	0	0
DTXSID7028013	0	0
DTXSID7029162	0	0
DTXSID7029164	0	0
DTXSID7028015	0	1
DTXSID7029166	0	0
DTXSID7029611	0	0
DTXSID7029617	0	0
DTXSID7029534	1	1
DTXSID7029661	0	0
DTXSID7029247	0	0
DTXSID7029320	0	0
DTXSID7029249	0	0
DTXSID7029665	0	0
DTXSID7029299	0	0
DTXSID7029871	1	1
DTXSID7030307	0	0
DTXSID7029879	1	1
DTXSID7029904	0	0
DTXSID7030432	0	0
DTXSID7030698	0	0
DTXSID7031248	0	0
DTXSID7031458	0	1
DTXSID7031294	0	0
DTXSID7032004	1	1
DTXSID7031290	0	0
DTXSID7031797	0	0
DTXSID7031903	0	0
DTXSID7031531	1	0
DTXSID7032345	1	1
DTXSID7032393	1	1
DTXSID7032551	1	1
DTXSID7032424	0	0
DTXSID7032553	1	1
DTXSID7032474	0	0
DTXSID7032555	0	0
DTXSID7032470	0	0
DTXSID7032630	0	0
DTXSID7033105	0	0
DTXSID7034250	1	1
DTXSID7032559	1	0
DTXSID7032638	1	1
DTXSID7034252	0	0
DTXSID7034383	0	0
DTXSID7034460	0	0
DTXSID7032688	1	0
DTXSID7034624	1	1
DTXSID7034545	1	1
DTXSID7034549	0	0
DTXSID7034674	1	1
DTXSID7035272	0	0
DTXSID7035010	0	0
DTXSID7035305	0	0
DTXSID7037131	0	0
DTXSID7034676	0	0
DTXSID7037185	1	1
DTXSID7034961	1	0
DTXSID7037478	0	0
DTXSID7037555	1	0
DTXSID7037551	0	0
DTXSID7037262	1	1
DTXSID7037715	0	0
DTXSID7037680	0	0
DTXSID7037553	1	1
DTXSID7040154	0	0
DTXSID7040283	1	1
DTXSID7038814	0	0
DTXSID7040152	0	0
DTXSID7038317	0	0
DTXSID7038818	0	0
DTXSID7040657	1	0
DTXSID7040289	0	0
DTXSID7040360	0	0
DTXSID7040732	0	0
DTXSID7040287	1	1
DTXSID7040362	1	1
DTXSID7040736	0	0
DTXSID7040734	0	0
DTXSID7041047	0	0
DTXSID7040738	1	1
DTXSID7040948	0	0
DTXSID7040990	1	1
DTXSID7041178	0	0
DTXSID7041253	0	0
DTXSID7040784	0	0
DTXSID7041097	1	1
DTXSID7041413	0	0
DTXSID7041461	1	1
DTXSID7041201	1	0
DTXSID7041209	0	0
DTXSID7041336	1	1
DTXSID7041411	1	1
DTXSID7041671	0	0
DTXSID7041625	0	0
DTXSID7041621	1	1
DTXSID7041752	0	1
DTXSID7041467	0	0
DTXSID7041627	0	0
DTXSID7041756	0	0
DTXSID7041540	0	0
DTXSID7041629	1	1
DTXSID7041544	1	1
DTXSID7041623	0	0
DTXSID7041966	0	0
DTXSID7041918	0	0
DTXSID7041962	0	0
DTXSID7041889	0	0
DTXSID7042140	0	0
DTXSID7041910	1	1
DTXSID7041914	0	0
DTXSID7042146	0	0
DTXSID7042011	0	0
DTXSID7041964	0	0
DTXSID7042019	0	0
DTXSID7042061	0	0
DTXSID7042065	1	0
DTXSID7042063	0	0
DTXSID7042279	0	0
DTXSID7042356	0	0
DTXSID7042352	0	0
DTXSID7042196	0	0
DTXSID7042437	1	1
DTXSID7042198	0	0
DTXSID7042514	0	0
DTXSID7043829	0	1
DTXSID7043908	0	0
DTXSID7044132	0	0
DTXSID7043902	0	0
DTXSID7044215	0	0
DTXSID7043950	0	0
DTXSID7044217	0	0
DTXSID7044394	0	0
DTXSID7044396	0	0
DTXSID7044267	0	0
DTXSID7044340	0	0
DTXSID7044346	0	0
DTXSID7044342	0	0
DTXSID7044398	1	0
DTXSID7044421	0	0
DTXSID7044392	0	0
DTXSID7044425	0	0
DTXSID7044429	0	0
DTXSID7044471	0	0
DTXSID7044506	0	0
DTXSID7044558	1	1
DTXSID7044473	0	0
DTXSID7044631	0	0
DTXSID7044633	0	0
DTXSID7044502	0	0
DTXSID7044475	0	0
DTXSID7044635	0	0
DTXSID7044554	0	0
DTXSID7044479	0	0
DTXSID7044764	0	0
DTXSID7044768	0	0
DTXSID7044712	0	0
DTXSID7044760	0	0
DTXSID7044762	0	0
DTXSID7044639	1	1
DTXSID7044841	1	1
DTXSID7044681	1	0
DTXSID7044685	0	0
DTXSID7044714	0	0
DTXSID7044716	0	0
DTXSID7044689	0	0
DTXSID7044710	0	0
DTXSID7044718	1	0
DTXSID7044899	0	0
DTXSID7044847	0	0
DTXSID7044928	0	0
DTXSID7044845	0	0
DTXSID7044849	0	0
DTXSID7044926	0	0
DTXSID7044893	0	0
DTXSID7044922	0	0
DTXSID7044970	0	0
DTXSID7044897	0	0
DTXSID7045364	1	0
DTXSID7044974	0	0
DTXSID7045366	0	0
DTXSID7045368	0	0
DTXSID7045287	0	0
DTXSID7045441	1	0
DTXSID7045029	1	1
DTXSID7045310	1	0
DTXSID7045152	1	1
DTXSID7045316	0	0
DTXSID7045158	0	0
DTXSID7045312	0	0
DTXSID7045281	0	0
DTXSID7045447	1	1
DTXSID7045493	0	0
DTXSID7045497	1	0
DTXSID7045522	0	0
DTXSID7045576	0	0
DTXSID7045526	0	0
DTXSID7045578	0	0
DTXSID7045570	0	0
DTXSID7045607	1	0
DTXSID7045572	0	0
DTXSID7045574	0	0
DTXSID7045996	0	0
DTXSID7045867	0	0
DTXSID7045948	0	0
DTXSID7045940	0	0
DTXSID7045813	0	0
DTXSID7045815	1	0
DTXSID7045655	0	0
DTXSID7045863	1	1
DTXSID7045946	1	0
DTXSID7045811	1	1
DTXSID7045651	0	0
DTXSID7045659	0	0
DTXSID7045653	0	0
DTXSID7045788	0	0
DTXSID7046093	0	0
DTXSID7046128	1	1
DTXSID7046332	1	0
DTXSID7046388	0	0
DTXSID7046384	0	0
DTXSID7046041	0	0
DTXSID7046047	1	0
DTXSID7046095	0	0
DTXSID7046126	0	0
DTXSID7046091	1	1
DTXSID7046201	0	0
DTXSID7046415	0	0
DTXSID7046706	0	0
DTXSID7046417	0	0
DTXSID7046467	0	0
DTXSID7046463	0	0
DTXSID7046465	1	1
DTXSID7046673	0	0
DTXSID7046207	0	0
DTXSID7046677	0	0
DTXSID7046675	1	1
DTXSID7046176	1	0
DTXSID7046623	0	0
DTXSID7046461	0	0
DTXSID7046627	1	0
DTXSID7047144	1	1
DTXSID7047146	1	1
DTXSID7046887	0	0
DTXSID7046889	1	1
DTXSID7047067	0	0
DTXSID7046910	0	0
DTXSID7046912	0	0
DTXSID7047065	0	0
DTXSID7046914	0	0
DTXSID7046966	0	0
DTXSID7047142	0	0
DTXSID7047190	0	0
DTXSID7047192	0	0
DTXSID7047198	0	0
DTXSID7047271	1	1
DTXSID7047277	1	1
DTXSID7047279	1	0
DTXSID7047304	0	0
DTXSID7047196	0	0
DTXSID7047306	0	0
DTXSID7047308	1	0
DTXSID7047510	0	0
DTXSID7047512	0	0
DTXSID7047437	0	0
DTXSID7047356	0	0
DTXSID7047439	0	0
DTXSID7047435	0	0
DTXSID7047358	1	1
DTXSID7047568	0	0
DTXSID7047433	1	1
DTXSID7047643	0	0
DTXSID7047518	1	0
DTXSID7047560	0	0
DTXSID7047487	0	0
DTXSID7047645	0	0
DTXSID7047647	0	0
DTXSID7047649	0	0
DTXSID7047693	0	0
DTXSID7047774	0	0
DTXSID7047807	0	0
DTXSID7047697	1	0
DTXSID7047772	1	0
DTXSID7047930	0	0
DTXSID7047691	0	0
DTXSID7047776	1	1
DTXSID7047803	0	0
DTXSID7047936	1	1
DTXSID7048168	1	1
DTXSID7047938	0	0
DTXSID7048669	0	0
DTXSID7048661	0	0
DTXSID7048580	0	0
DTXSID7048582	0	0
DTXSID7048166	0	1
DTXSID7048746	0	0
DTXSID7048790	1	0
DTXSID7048792	0	0
DTXSID7048875	1	1
DTXSID7048827	0	0
DTXSID7048879	0	0
DTXSID7048794	0	0
DTXSID7048796	0	0
DTXSID7048829	0	0
DTXSID7048900	0	0
DTXSID7048871	0	0
DTXSID7048873	0	0
DTXSID7048823	1	0
DTXSID7048825	0	0
DTXSID7048902	0	0
DTXSID7048904	1	1
DTXSID7048798	1	1
DTXSID7048821	0	0
DTXSID7049003	0	0
DTXSID7049007	0	0
DTXSID7049213	0	0
DTXSID7049217	0	0
DTXSID7049051	1	1
DTXSID7049219	0	0
DTXSID7049055	1	0
DTXSID7049261	0	1
DTXSID7049269	0	0
DTXSID7049059	1	0
DTXSID7049263	0	0
DTXSID7049267	0	0
DTXSID7049340	1	0
DTXSID7049342	0	0
DTXSID7049211	1	1
DTXSID7049344	0	0
DTXSID7049346	0	0
DTXSID7049429	0	0
DTXSID7049394	0	0
DTXSID7049427	0	0
DTXSID7049390	0	0
DTXSID7049392	1	0
DTXSID7052288	0	0
DTXSID7052311	0	0
DTXSID7051474	0	0
DTXSID7052109	0	0
DTXSID7052319	1	1
DTXSID7051557	0	0
DTXSID7052284	1	1
DTXSID7052101	0	0
DTXSID7051890	0	0
DTXSID7052446	0	0
DTXSID7052652	0	0
DTXSID7052577	0	0
DTXSID7052571	1	1
DTXSID7052602	1	0
DTXSID7057602	0	0
DTXSID7052735	0	0
DTXSID7052654	0	0
DTXSID7052860	0	0
DTXSID7052573	1	1
DTXSID7057783	0	0
DTXSID7057816	1	0
DTXSID7057737	1	1
DTXSID7057785	0	0
DTXSID7057818	1	1
DTXSID7057650	0	0
DTXSID7057787	0	0
DTXSID7057789	0	0
DTXSID7057735	0	0
DTXSID7057604	0	0
DTXSID7057606	0	0
DTXSID7057731	1	1
DTXSID7057733	0	0
DTXSID7057810	0	0
DTXSID7057652	0	0
DTXSID7057812	1	0
DTXSID7057739	0	0
DTXSID7057654	0	0
DTXSID7057656	0	0
DTXSID8020040	1	1
DTXSID8020090	0	0
DTXSID8020123	0	0
DTXSID8020092	0	0
DTXSID8020094	0	0
DTXSID8020127	0	0
DTXSID8020175	1	0
DTXSID8020129	0	0
DTXSID8020179	0	0
DTXSID8020202	0	0
DTXSID8020250	0	0
DTXSID8020256	0	0
DTXSID8020331	0	0
DTXSID8020337	1	1
DTXSID8020381	1	0
DTXSID8020464	0	0
DTXSID8020541	0	0
DTXSID8020468	0	0
DTXSID8020591	0	0
DTXSID8020543	0	0
DTXSID8020466	0	0
DTXSID8020597	0	0
DTXSID8020410	0	0
DTXSID8020462	0	0
DTXSID8020703	0	0
DTXSID8020624	1	1
DTXSID8020626	0	0
DTXSID8020707	0	0
DTXSID8020709	0	0
DTXSID8020620	1	1
DTXSID8020628	0	0
DTXSID8020674	0	0
DTXSID8020757	0	0
DTXSID8020759	0	0
DTXSID8020755	0	0
DTXSID8020880	0	0
DTXSID8020838	0	0
DTXSID8020830	1	1
DTXSID8020753	0	0
DTXSID8020915	0	0
DTXSID8020961	0	0
DTXSID8020886	0	0
DTXSID8020888	0	0
DTXSID8020913	0	0
DTXSID8020919	0	0
DTXSID8020917	1	1
DTXSID8020963	0	0
DTXSID8020969	0	0
DTXSID8021195	0	0
DTXSID8021147	0	0
DTXSID8021193	0	0
DTXSID8021199	0	0
DTXSID8021222	0	0
DTXSID8021141	0	0
DTXSID8021145	0	0
DTXSID8021224	1	1
DTXSID8021270	1	1
DTXSID8021484	0	0
DTXSID8021359	0	0
DTXSID8021305	0	0
DTXSID8021309	1	0
DTXSID8021488	0	0
DTXSID8021513	0	0
DTXSID8021278	0	0
DTXSID8021301	1	1
DTXSID8021515	0	0
DTXSID8021519	0	0
DTXSID8021640	0	0
DTXSID8021642	0	0
DTXSID8021690	0	0
DTXSID8021725	0	0
DTXSID8021721	1	0
DTXSID8021777	0	0
DTXSID8021800	0	0
DTXSID8021775	0	0
DTXSID8021644	0	0
DTXSID8021648	0	0
DTXSID8022036	0	0
DTXSID8021854	0	0
DTXSID8021856	0	0
DTXSID8022082	0	0
DTXSID8021804	0	0
DTXSID8021808	0	0
DTXSID8022084	1	1
DTXSID8022086	0	0
DTXSID8022111	1	1
DTXSID8022292	1	0
DTXSID8022117	0	0
DTXSID8022589	0	0
DTXSID8022610	0	0
DTXSID8022749	0	0
DTXSID8022371	0	0
DTXSID8022377	1	1
DTXSID8022822	0	0
DTXSID8022828	0	0
DTXSID8022741	0	0
DTXSID8022870	0	0
DTXSID8022872	1	1
DTXSID8022901	0	0
DTXSID8022959	0	0
DTXSID8023050	1	0
DTXSID8023054	0	0
DTXSID8023137	1	0
DTXSID8023472	1	0
DTXSID8023393	0	0
DTXSID8023395	0	0
DTXSID8023474	1	1
DTXSID8023476	0	0
DTXSID8023557	0	0
DTXSID8023630	0	0
DTXSID8023470	0	0
DTXSID8023505	0	0
DTXSID8023551	0	0
DTXSID8023713	0	0
DTXSID8023636	1	0
DTXSID8023719	1	1
DTXSID8023688	0	0
DTXSID8023890	0	0
DTXSID8023848	1	1
DTXSID8023262	1	1
DTXSID8023977	0	0
DTXSID8024072	0	0
DTXSID8023927	1	1
DTXSID8023260	0	0
DTXSID8023214	1	0
DTXSID8023216	1	0
DTXSID8024107	1	0
DTXSID8024101	0	0
DTXSID8024105	0	0
DTXSID8024109	1	0
DTXSID8023971	0	0
DTXSID8023973	0	0
DTXSID8024234	0	0
DTXSID8024153	1	0
DTXSID8024157	1	0
DTXSID8024151	1	1
DTXSID8024159	0	1
DTXSID8024284	0	0
DTXSID8024317	0	0
DTXSID8024315	1	1
DTXSID8024286	0	0
DTXSID8024238	1	1
DTXSID8024280	1	1
DTXSID8024739	0	0
DTXSID8024529	0	0
DTXSID8024781	1	0
DTXSID8024573	0	0
DTXSID8024600	0	0
DTXSID8024814	0	0
DTXSID8024787	0	0
DTXSID8024810	0	0
DTXSID8024658	0	0
DTXSID8024862	0	0
DTXSID8024733	0	0
DTXSID8024521	0	0
DTXSID8024523	0	0
DTXSID8024602	1	1
DTXSID8024608	1	0
DTXSID8024652	0	0
DTXSID8024864	0	0
DTXSID8024866	1	0
DTXSID8025094	0	0
DTXSID8025096	0	0
DTXSID8025258	1	1
DTXSID8024997	1	0
DTXSID8024999	1	0
DTXSID8024991	0	0
DTXSID8025331	1	1
DTXSID8024993	0	0
DTXSID8025040	1	1
DTXSID8025046	0	0
DTXSID8025337	0	0
DTXSID8025628	0	0
DTXSID8025591	0	0
DTXSID8025751	0	0
DTXSID8025593	0	0
DTXSID8025703	1	1
DTXSID8025707	0	0
DTXSID8025757	0	1
DTXSID8025886	0	0
DTXSID8025759	0	0
DTXSID8025967	0	0
DTXSID8026060	0	0
DTXSID8026064	0	0
DTXSID8026068	0	0
DTXSID8026193	0	0
DTXSID8026224	0	0
DTXSID8026195	0	0
DTXSID8026220	0	1
DTXSID8026228	0	0
DTXSID8026305	0	0
DTXSID8026147	0	0
DTXSID8026307	0	0
DTXSID8026563	0	1
DTXSID8026488	0	0
DTXSID8026309	0	0
DTXSID8026725	0	0
DTXSID8026513	0	0
DTXSID8026436	0	0
DTXSID8026640	0	0
DTXSID8026515	0	0
DTXSID8026519	0	0
DTXSID8026802	0	0
DTXSID8026931	0	0
DTXSID8026729	0	0
DTXSID8026981	0	0
DTXSID8027032	0	0
DTXSID8026727	0	0
DTXSID8026773	0	0
DTXSID8026775	0	0
DTXSID8027036	0	0
DTXSID8027084	0	0
DTXSID8027086	0	0
DTXSID8027113	0	0
DTXSID8027167	0	0
DTXSID8027169	0	0
DTXSID8027240	1	1
DTXSID8027321	0	0
DTXSID8027537	1	0
DTXSID8027323	1	1
DTXSID8027244	0	0
DTXSID8027581	0	0
DTXSID8027246	0	0
DTXSID8027402	0	0
DTXSID8027452	0	0
DTXSID8027400	0	0
DTXSID8027585	1	1
DTXSID8027589	0	0
DTXSID8027797	0	0
DTXSID8027747	0	0
DTXSID8027826	0	0
DTXSID8027793	1	1
DTXSID8027795	1	1
DTXSID8029072	0	0
DTXSID8029105	0	0
DTXSID8029234	0	0
DTXSID8029159	0	0
DTXSID8029230	0	0
DTXSID8029153	0	0
DTXSID8029317	0	0
DTXSID8029280	0	0
DTXSID8029286	1	0
DTXSID8029157	0	0
DTXSID8027959	0	0
DTXSID8029650	0	0
DTXSID8029604	0	0
DTXSID8030423	1	1
DTXSID8029733	0	0
DTXSID8029739	0	0
DTXSID8029868	1	0
DTXSID8031077	1	1
DTXSID8030760	0	0
DTXSID8031497	0	0
DTXSID8032417	1	1
DTXSID8032544	0	0
DTXSID8032548	1	1
DTXSID8031863	0	0
DTXSID8031865	0	0
DTXSID8032386	1	1
DTXSID8032623	0	0
DTXSID8032627	0	0
DTXSID8033564	0	0
DTXSID8033566	0	0
DTXSID8034538	0	0
DTXSID8033512	0	0
DTXSID8032671	0	0
DTXSID8034580	1	1
DTXSID8033649	0	0
DTXSID8033562	1	1
DTXSID8032675	1	0
DTXSID8032673	0	0
DTXSID8033433	0	0
DTXSID8034401	1	1
DTXSID8034085	0	1
DTXSID8034586	1	0
DTXSID8034089	0	0
DTXSID8034241	0	0
DTXSID8034376	1	0
DTXSID8034324	0	0
DTXSID8034588	1	1
DTXSID8034372	0	0
DTXSID8034665	0	0
DTXSID8034792	0	1
DTXSID8034823	0	0
DTXSID8034871	1	0
DTXSID8034877	0	0
DTXSID8035001	0	0
DTXSID8034956	1	1
DTXSID8035180	0	1
DTXSID8035186	0	0
DTXSID8035217	0	0
DTXSID8035423	0	0
DTXSID8037594	0	0
DTXSID8037752	1	0
DTXSID8037596	0	0
DTXSID8037750	0	0
DTXSID8037706	0	0
DTXSID8037708	0	0
DTXSID8037756	0	0
DTXSID8038801	0	0
DTXSID8040270	1	1
DTXSID8040274	1	1
DTXSID8040278	1	1
DTXSID8040436	0	0
DTXSID8040694	0	0
DTXSID8038855	0	0
DTXSID8038857	0	1
DTXSID8039241	0	0
DTXSID8040484	0	1
DTXSID8040222	0	0
DTXSID8040723	1	1
DTXSID8040725	0	1
DTXSID8040779	0	0
DTXSID8041032	0	0
DTXSID8041034	1	1
DTXSID8041373	0	0
DTXSID8040698	0	1
DTXSID8041080	0	0
DTXSID8040800	0	0
DTXSID8040721	0	0
DTXSID8040727	1	1
DTXSID8041242	1	1
DTXSID8041117	0	0
DTXSID8041327	0	0
DTXSID8041246	0	0
DTXSID8041329	1	0
DTXSID8041404	0	0
DTXSID8041298	0	0
DTXSID8041400	0	0
DTXSID8041610	0	0
DTXSID8041371	0	0
DTXSID8041321	0	0
DTXSID8041668	0	0
DTXSID8042052	0	0
DTXSID8041743	1	0
DTXSID8041951	0	0
DTXSID8041959	0	0
DTXSID8041745	0	0
DTXSID8041955	0	0
DTXSID8042002	0	0
DTXSID8042137	1	1
DTXSID8041957	0	0
DTXSID8041793	0	0
DTXSID8041797	1	0
DTXSID8042181	0	0
DTXSID8042189	0	0
DTXSID8042218	0	0
DTXSID8042260	1	1
DTXSID8042343	0	0
DTXSID8041799	1	0
DTXSID8041828	0	0
DTXSID8041901	0	0
DTXSID8042632	0	0
DTXSID8043814	1	0
DTXSID8042509	1	1
DTXSID8042559	0	0
DTXSID8042349	1	1
DTXSID8042399	0	0
DTXSID8042422	0	0
DTXSID8042424	0	0
DTXSID8042507	0	0
DTXSID8042478	1	1
DTXSID8042503	0	0
DTXSID8042426	0	0
DTXSID8044206	1	0
DTXSID8044208	0	0
DTXSID8044381	1	1
DTXSID8044200	0	0
DTXSID8044252	0	0
DTXSID8044383	1	0
DTXSID8044385	0	0
DTXSID8044204	1	1
DTXSID8044389	0	0
DTXSID8044416	0	0
DTXSID8044412	0	0
DTXSID8044462	0	0
DTXSID8044591	0	0
DTXSID8044593	1	1
DTXSID8044547	0	0
DTXSID8044595	0	1
DTXSID8044543	0	0
DTXSID8044466	0	0
DTXSID8044414	0	0
DTXSID8044597	1	0
DTXSID8044624	0	0
DTXSID8044626	1	1
DTXSID8044670	0	0
DTXSID8044620	0	0
DTXSID8044622	0	0
DTXSID8044709	0	0
DTXSID8044751	0	0
DTXSID8044757	0	0
DTXSID8044755	0	0
DTXSID8044753	0	0
DTXSID8044832	0	0
DTXSID8044759	0	0
DTXSID8044830	0	0
DTXSID8044913	0	1
DTXSID8044915	0	0
DTXSID8044919	0	0
DTXSID8044676	0	0
DTXSID8044678	0	0
DTXSID8044701	0	0
DTXSID8044703	0	0
DTXSID8044880	0	0
DTXSID8044886	0	0
DTXSID8044963	0	0
DTXSID8044961	0	0
DTXSID8044967	0	0
DTXSID8045145	1	1
DTXSID8045228	0	0
DTXSID8045351	0	0
DTXSID8045357	0	0
DTXSID8045147	0	0
DTXSID8045191	0	0
DTXSID8045359	1	1
DTXSID8045193	1	0
DTXSID8045141	0	0
DTXSID8045195	0	0
DTXSID8045220	0	0
DTXSID8045480	0	0
DTXSID8045565	1	1
DTXSID8045486	0	0
DTXSID8045488	0	0
DTXSID8045567	1	0
DTXSID8045640	0	0
DTXSID8045511	0	0
DTXSID8045513	0	0
DTXSID8045149	0	0
DTXSID8045434	0	0
DTXSID8045515	0	0
DTXSID8045307	0	0
DTXSID8045519	0	0
DTXSID8045698	0	0
DTXSID8045852	0	0
DTXSID8045771	0	0
DTXSID8045854	1	0
DTXSID8045777	0	0
DTXSID8045933	0	0
DTXSID8045935	0	0
DTXSID8045642	0	0
DTXSID8045937	0	0
DTXSID8045646	0	0
DTXSID8045939	0	0
DTXSID8045983	0	0
DTXSID8045690	0	0
DTXSID8045692	0	0
DTXSID8046244	0	0
DTXSID8046321	0	0
DTXSID8046038	0	0
DTXSID8046086	0	0
DTXSID8045985	0	0
DTXSID8046117	0	0
DTXSID8046163	0	0
DTXSID8046088	1	1
DTXSID8046113	0	0
DTXSID8046119	1	0
DTXSID8045987	0	0
DTXSID8045989	0	0
DTXSID8046161	0	0
DTXSID8046034	0	0
DTXSID8046296	1	0
DTXSID8046404	0	0
DTXSID8046406	1	0
DTXSID8046242	1	1
DTXSID8046454	1	0
DTXSID8046402	0	1
DTXSID8046531	0	0
DTXSID8046450	1	0
DTXSID8046456	1	1
DTXSID8046458	1	0
DTXSID8046662	1	1
DTXSID8046664	0	0
DTXSID8046743	1	0
DTXSID8045779	0	0
DTXSID8045802	0	0
DTXSID8045804	1	1
DTXSID8045806	1	1
DTXSID8046585	0	0
DTXSID8046535	0	0
DTXSID8046589	1	0
DTXSID8046610	0	0
DTXSID8046903	1	1
DTXSID8047006	0	0
DTXSID8046820	0	0
DTXSID8046951	1	1
DTXSID8047050	0	1
DTXSID8046828	0	0
DTXSID8047131	0	0
DTXSID8047137	0	0
DTXSID8047139	0	0
DTXSID8047183	0	0
DTXSID8047185	0	0
DTXSID8047187	0	0
DTXSID8047133	0	0
DTXSID8047135	0	0
DTXSID8047052	1	1
DTXSID8047266	1	1
DTXSID8047058	0	0
DTXSID8047268	0	0
DTXSID8047391	1	1
DTXSID8047262	0	0
DTXSID8047341	1	0
DTXSID8047347	1	1
DTXSID8047399	0	0
DTXSID8047349	1	1
DTXSID8047397	0	0
DTXSID8047422	0	0
DTXSID8047424	0	0
DTXSID8047426	0	0
DTXSID8047428	0	0
DTXSID8047551	0	0
DTXSID8047472	0	0
DTXSID8047553	0	0
DTXSID8047501	0	0
DTXSID8047476	1	1
DTXSID8047559	0	0
DTXSID8047636	0	0
DTXSID8047505	1	0
DTXSID8047680	0	0
DTXSID8047686	0	1
DTXSID8047684	0	0
DTXSID8047892	0	0
DTXSID8047846	1	0
DTXSID8047848	0	0
DTXSID8047894	1	1
DTXSID8047840	0	0
DTXSID8047842	1	0
DTXSID8047713	0	0
DTXSID8047717	0	0
DTXSID8047844	0	0
DTXSID8047769	0	0
DTXSID8047896	1	1
DTXSID8048600	0	0
DTXSID8047929	1	1
DTXSID8048494	0	0
DTXSID8048521	0	0
DTXSID8048650	1	0
DTXSID8047898	0	0
DTXSID8047971	0	0
DTXSID8047921	0	0
DTXSID8047973	1	1
DTXSID8047923	1	1
DTXSID8047925	1	1
DTXSID8048606	0	0
DTXSID8048783	1	0
DTXSID8048737	1	1
DTXSID8048739	0	0
DTXSID8048656	0	0
DTXSID8048785	1	0
DTXSID8048787	0	0
DTXSID8048781	1	0
DTXSID8048789	0	0
DTXSID8048733	1	1
DTXSID8048735	0	0
DTXSID8048860	0	0
DTXSID8048814	0	0
DTXSID8049044	0	0
DTXSID8049046	1	1
DTXSID8048866	0	0
DTXSID8049042	0	0
DTXSID8049048	1	0
DTXSID8048999	0	0
DTXSID8048868	0	0
DTXSID8048941	0	0
DTXSID8048818	1	1
DTXSID8048812	0	0
DTXSID8049204	0	0
DTXSID8049040	0	0
DTXSID8049252	1	1
DTXSID8049254	1	1
DTXSID8049331	0	0
DTXSID8049381	0	0
DTXSID8049256	1	1
DTXSID8049258	0	0
DTXSID8049333	1	0
DTXSID8049202	1	1
DTXSID8049383	0	0
DTXSID8048943	1	1
DTXSID8048945	1	1
DTXSID8049206	0	0
DTXSID8049335	1	1
DTXSID8049208	0	0
DTXSID8049385	0	0
DTXSID8049250	1	1
DTXSID8049389	0	0
DTXSID8049410	0	0
DTXSID8049412	0	1
DTXSID8049414	1	1
DTXSID8048947	1	0
DTXSID8049418	0	0
DTXSID8051540	0	0
DTXSID8049387	0	0
DTXSID8051542	0	0
DTXSID8049337	0	0
DTXSID8051629	0	0
DTXSID8051708	0	0
DTXSID8051754	0	0
DTXSID8051914	1	0
DTXSID8052198	0	0
DTXSID8057643	1	1
DTXSID8057722	0	0
DTXSID8057724	0	0
DTXSID8057726	0	0
DTXSID8057645	0	1
DTXSID8052308	0	0
DTXSID8057695	1	0
DTXSID8057697	1	1
DTXSID8057699	0	0
DTXSID8057720	0	0
DTXSID8052300	0	0
DTXSID8057693	0	0
DTXSID8057647	1	0
DTXSID8057649	1	1
DTXSID8057691	0	0
DTXSID8057641	1	0
DTXSID8057772	0	0
DTXSID8057774	0	0
DTXSID8057728	1	0
DTXSID8057770	0	0
DTXSID8057776	0	0
DTXSID8057778	0	0
DTXSID8057853	0	0
DTXSID8057803	0	0
DTXSID8057805	1	1
DTXSID8057807	0	0
DTXSID8057855	0	0
DTXSID8057857	1	1
DTXSID8057851	0	0
DTXSID9020031	1	1
DTXSID9020081	0	0
DTXSID9020083	0	0
DTXSID9020087	0	0
DTXSID9020118	0	0
DTXSID9020110	1	1
DTXSID9020112	0	0
DTXSID9020160	1	1
DTXSID9020114	1	1
DTXSID9020116	0	1
DTXSID9020089	1	0
DTXSID9020293	0	1
DTXSID9020295	0	0
DTXSID9020249	0	0
DTXSID9020243	1	1
DTXSID9020241	0	1
DTXSID9020245	0	0
DTXSID9020247	0	0
DTXSID9020322	0	0
DTXSID9020370	0	0
DTXSID9020299	1	1
DTXSID9020409	1	0
DTXSID9020374	1	1
DTXSID9020372	1	1
DTXSID9020376	1	0
DTXSID9020378	0	0
DTXSID9020453	1	1
DTXSID9020407	0	0
DTXSID9020582	0	1
DTXSID9020538	1	1
DTXSID9020580	0	0
DTXSID9020584	0	0
DTXSID9020615	0	0
DTXSID9020663	0	0
DTXSID9020669	0	0
DTXSID9020740	0	0
DTXSID9020790	0	0
DTXSID9020796	1	1
DTXSID9020827	1	1
DTXSID9020792	0	0
DTXSID9020825	1	1
DTXSID9020902	0	0
DTXSID9020958	0	0
DTXSID9021130	0	0
DTXSID9020829	0	0
DTXSID9020875	0	0
DTXSID9021134	0	0
DTXSID9021136	0	0
DTXSID9021053	0	0
DTXSID9020877	0	0
DTXSID9021138	0	0
DTXSID9021182	0	0
DTXSID9021184	0	0
DTXSID9021342	1	1
DTXSID9021188	0	0
DTXSID9021344	0	0
DTXSID9021217	1	1
DTXSID9021215	0	0
DTXSID9021396	0	0
DTXSID9021398	0	0
DTXSID9021427	0	0
DTXSID9021477	0	0
DTXSID9021392	0	0
DTXSID9021635	0	0
DTXSID9021552	0	0
DTXSID9021685	0	0
DTXSID9021683	0	0
DTXSID9021479	0	0
DTXSID9021554	0	0
DTXSID9021631	0	0
DTXSID9021899	0	0
DTXSID9021762	0	0
DTXSID9021718	0	0
DTXSID9021922	0	0
DTXSID9021843	0	0
DTXSID9021924	0	0
DTXSID9021710	0	0
DTXSID9021841	0	0
DTXSID9021764	0	0
DTXSID9021897	0	0
DTXSID9021847	1	0
DTXSID9021978	0	0
DTXSID9022027	0	0
DTXSID9022104	0	0
DTXSID9021976	0	0
DTXSID9022364	0	0
DTXSID9022366	1	1
DTXSID9022520	0	0
DTXSID9021974	0	0
DTXSID9022607	0	0
DTXSID9022609	1	0
DTXSID9022655	1	1
DTXSID9022522	0	0
DTXSID9022657	0	0
DTXSID9022524	0	0
DTXSID9022601	0	0
DTXSID9022603	0	0
DTXSID9022944	1	0
DTXSID9023128	1	1
DTXSID9022948	0	0
DTXSID9022780	0	0
DTXSID9023170	0	0
DTXSID9023095	0	0
DTXSID9022813	0	0
DTXSID9022940	0	0
DTXSID9022734	0	0
DTXSID9022817	1	0
DTXSID9022736	0	0
DTXSID9023201	0	0
DTXSID9023041	0	0
DTXSID9023043	0	0
DTXSID9023540	0	0
DTXSID9023388	1	0
DTXSID9023542	1	0
DTXSID9023411	1	1
DTXSID9023546	1	0
DTXSID9023548	0	0
DTXSID9023419	0	0
DTXSID9023590	0	0
DTXSID9023621	1	0
DTXSID9023255	0	0
DTXSID9023677	1	1
DTXSID9023679	0	0
DTXSID9023380	0	0
DTXSID9023386	1	0
DTXSID9023702	0	0
DTXSID9023889	1	0
DTXSID9023706	0	0
DTXSID9023752	0	0
DTXSID9023881	1	0
DTXSID9023756	1	1
DTXSID9024304	0	0
DTXSID9024194	0	0
DTXSID9024063	0	0
DTXSID9024065	1	0
DTXSID9024431	0	0
DTXSID9023966	0	0
DTXSID9024015	1	0
DTXSID9024481	0	0
DTXSID9024485	0	0
DTXSID9024487	0	0
DTXSID9024489	0	0
DTXSID9024512	0	0
DTXSID9024568	0	0
DTXSID9024774	0	0
DTXSID9024724	0	0
DTXSID9024770	0	0
DTXSID9024855	0	0
DTXSID9024772	0	0
DTXSID9024930	0	0
DTXSID9024691	0	0
DTXSID9024699	0	0
DTXSID9024934	0	0
DTXSID9024980	0	0
DTXSID9025112	0	0
DTXSID9025114	1	1
DTXSID9025164	1	1
DTXSID9025110	0	0
DTXSID9025243	0	0
DTXSID9025085	0	0
DTXSID9025087	1	0
DTXSID9024986	1	1
DTXSID9025035	0	1
DTXSID9025245	0	0
DTXSID9025249	0	0
DTXSID9025291	0	0
DTXSID9025536	0	0
DTXSID9025403	0	0
DTXSID9025370	0	1
DTXSID9025538	0	0
DTXSID9025409	0	0
DTXSID9025451	0	0
DTXSID9025297	0	0
DTXSID9025580	0	0
DTXSID9025299	1	1
DTXSID9025588	0	0
DTXSID9025455	0	0
DTXSID9025665	0	0
DTXSID9025740	0	0
DTXSID9025744	1	1
DTXSID9025742	0	0
DTXSID9025534	0	0
DTXSID9025746	1	0
DTXSID9025794	0	0
DTXSID9026132	0	0
DTXSID9025825	1	1
DTXSID9025873	0	0
DTXSID9025661	0	0
DTXSID9025879	0	0
DTXSID9026261	1	1
DTXSID9025617	0	0
DTXSID9026558	0	0
DTXSID9026631	0	0
DTXSID9026689	0	0
DTXSID9026710	0	0
DTXSID9026712	0	0
DTXSID9026265	0	0
DTXSID9026841	0	0
DTXSID9026714	0	0
DTXSID9026849	0	0
DTXSID9026718	0	0
DTXSID9026766	0	0
DTXSID9027104	0	0
DTXSID9027158	0	0
DTXSID9027239	0	0
DTXSID9026922	0	0
DTXSID9026342	0	0
DTXSID9026924	0	0
DTXSID9026423	0	0
DTXSID9027281	0	0
DTXSID9026500	0	0
DTXSID9027312	0	0
DTXSID9027443	0	0
DTXSID9027368	0	0
DTXSID9027364	0	0
DTXSID9027528	0	0
DTXSID9027570	0	0
DTXSID9027520	0	0
DTXSID9027441	1	0
DTXSID9027653	0	1
DTXSID9028120	0	0
DTXSID9029221	0	0
DTXSID9029223	1	0
DTXSID9029225	0	0
DTXSID9030707	1	1
DTXSID9029691	0	0
DTXSID9031800	0	0
DTXSID9032113	1	1
DTXSID9029275	0	0
DTXSID9030048	1	1
DTXSID9029277	0	0
DTXSID9029279	0	0
DTXSID9030258	0	0
DTXSID9029302	0	0
DTXSID9029649	0	0
DTXSID9032327	0	0
DTXSID9032329	1	1
DTXSID9032531	1	1
DTXSID9032533	1	1
DTXSID9032375	0	0
DTXSID9032535	0	0
DTXSID9032581	1	1
DTXSID9032379	1	1
DTXSID9032610	1	0
DTXSID9032614	1	0
DTXSID9032589	1	0
DTXSID9032878	0	0
DTXSID9033058	0	0
DTXSID9033187	1	1
DTXSID9033264	0	0
DTXSID9033896	0	0
DTXSID9034232	0	0
DTXSID9034282	0	0
DTXSID9034361	1	0
DTXSID9034286	0	0
DTXSID9033923	1	1
DTXSID9033979	0	0
DTXSID9034365	0	0
DTXSID9034492	1	1
DTXSID9035753	0	0
DTXSID9036226	0	0
DTXSID9036438	1	0
DTXSID9034818	1	1
DTXSID9035620	0	0
DTXSID9035175	0	0
DTXSID9034864	0	0
DTXSID9036515	0	0
DTXSID9036690	0	0
DTXSID9037246	0	0
DTXSID9037539	1	1
DTXSID9037749	1	1
DTXSID9037745	0	0
DTXSID9037741	0	0
DTXSID9037616	0	0
DTXSID9037248	0	0
DTXSID9037612	1	0
DTXSID9037535	0	0
DTXSID9037038	1	1
DTXSID9040134	0	0
DTXSID9040269	1	1
DTXSID9040215	0	0
DTXSID9040342	0	0
DTXSID9040554	0	0
DTXSID9040001	0	0
DTXSID9040635	0	0
DTXSID9040265	1	1
DTXSID9040502	1	1
DTXSID9040683	0	0
DTXSID9040130	0	0
DTXSID9039238	1	1
DTXSID9040685	0	0
DTXSID9040718	0	0
DTXSID9040760	1	0
DTXSID9041075	0	0
DTXSID9041152	1	0
DTXSID9041233	1	0
DTXSID9040714	0	0
DTXSID9040687	0	0
DTXSID9040710	0	0
DTXSID9040716	0	0
DTXSID9040712	0	1
DTXSID9041237	0	0
DTXSID9041366	0	0
DTXSID9041368	0	0
DTXSID9041362	0	0
DTXSID9041441	0	0
DTXSID9042097	0	0
DTXSID9041491	0	0
DTXSID9041520	0	0
DTXSID9041524	0	1
DTXSID9041813	0	0
DTXSID9041815	0	0
DTXSID9041861	0	0
DTXSID9041528	0	0
DTXSID9041607	0	0
DTXSID9043938	0	0
DTXSID9042415	0	0
DTXSID9042203	0	0
DTXSID9041653	1	1
DTXSID9042209	0	0
DTXSID9041659	0	0
DTXSID9042336	0	0
DTXSID9042382	0	0
DTXSID9042592	0	0
DTXSID9042259	1	1
DTXSID9044378	0	0
DTXSID9042594	1	1
DTXSID9043853	0	0
DTXSID9044370	0	0
DTXSID9044401	0	0
DTXSID9044403	0	0
DTXSID9044112	0	0
DTXSID9044241	0	0
DTXSID9044247	0	0
DTXSID9044372	0	0
DTXSID9044299	0	0
DTXSID9044457	0	0
DTXSID9044407	0	0
DTXSID9044534	0	0
DTXSID9044451	0	0
DTXSID9044532	1	0
DTXSID9044320	0	0
DTXSID9044374	0	0
DTXSID9044536	0	0
DTXSID9044538	1	1
DTXSID9044582	0	0
DTXSID9044663	1	0
DTXSID9044667	0	0
DTXSID9044584	0	0
DTXSID9044617	0	0
DTXSID9044740	0	0
DTXSID9044588	0	0
DTXSID9044611	0	0
DTXSID9044742	0	0
DTXSID9044744	0	0
DTXSID9044746	0	0
DTXSID9044748	0	0
DTXSID9044790	1	1
DTXSID9044794	0	0
DTXSID9044796	0	1
DTXSID9044829	1	1
DTXSID9044871	0	0
DTXSID9044873	0	0
DTXSID9044877	0	0
DTXSID9044908	0	0
DTXSID9044879	0	0
DTXSID9044875	0	0
DTXSID9044798	0	0
DTXSID9044821	1	1
DTXSID9045182	1	0
DTXSID9045184	0	0
DTXSID9045188	0	0
DTXSID9045003	0	0
DTXSID9045005	0	0
DTXSID9045007	0	0
DTXSID9045217	0	0
DTXSID9045267	0	0
DTXSID9045342	0	0
DTXSID9045132	1	1
DTXSID9045136	1	1
DTXSID9045138	0	0
DTXSID9045346	0	0
DTXSID9045429	0	0
DTXSID9045348	1	0
DTXSID9045394	0	0
DTXSID9045500	0	0
DTXSID9045506	0	0
DTXSID9045425	1	0
DTXSID9045508	1	0
DTXSID9045556	0	0
DTXSID9045392	0	0
DTXSID9045390	0	0
DTXSID9045633	0	0
DTXSID9045635	1	1
DTXSID9045558	1	1
DTXSID9045897	0	0
DTXSID9045845	0	0
DTXSID9045683	0	0
DTXSID9045899	0	1
DTXSID9045762	1	0
DTXSID9045685	0	0
DTXSID9045891	0	0
DTXSID9045922	0	0
DTXSID9045687	0	0
DTXSID9046235	1	1
DTXSID9046150	0	0
DTXSID9046152	1	1
DTXSID9046281	0	0
DTXSID9046100	0	0
DTXSID9046283	1	1
DTXSID9046158	0	0
DTXSID9046104	1	1
DTXSID9046491	0	0
DTXSID9046108	0	0
DTXSID9046495	1	0
DTXSID9046285	1	1
DTXSID9046287	0	0
DTXSID9046360	0	0
DTXSID9046023	0	0
DTXSID9046029	1	1
DTXSID9046071	0	0
DTXSID9046445	1	1
DTXSID9046073	0	0
DTXSID9046449	1	1
DTXSID9046499	0	0
DTXSID9046443	1	1
DTXSID9046786	0	0
DTXSID9046526	0	0
DTXSID9046651	1	1
DTXSID9046570	0	0
DTXSID9046817	1	0
DTXSID9046576	1	1
DTXSID9046734	0	0
DTXSID9046813	1	0
DTXSID9046738	1	0
DTXSID9046780	1	0
DTXSID9046992	1	1
DTXSID9047091	0	0
DTXSID9046994	0	0
DTXSID9046861	1	0
DTXSID9047047	0	0
DTXSID9047043	0	0
DTXSID9047045	0	0
DTXSID9047041	0	0
DTXSID9046942	1	1
DTXSID9046946	0	0
DTXSID9047049	0	0
DTXSID9047093	0	0
DTXSID9047095	0	0
DTXSID9047176	0	0
DTXSID9047203	0	0
DTXSID9047126	0	0
DTXSID9047178	0	0
DTXSID9047128	0	0
DTXSID9047174	0	0
DTXSID9047201	0	0
DTXSID9047205	0	0
DTXSID9047259	1	0
DTXSID9047255	1	1
DTXSID9047257	1	0
DTXSID9047099	0	0
DTXSID9047120	0	0
DTXSID9047251	1	1
DTXSID9047253	0	0
DTXSID9047330	1	1
DTXSID9047417	0	0
DTXSID9047413	0	0
DTXSID9047334	1	1
DTXSID9047461	0	0
DTXSID9047463	0	0
DTXSID9047415	0	0
DTXSID9047419	0	0
DTXSID9047338	1	0
DTXSID9047411	0	0
DTXSID9047465	0	0
DTXSID9047467	0	0
DTXSID9047548	1	0
DTXSID9047590	0	0
DTXSID9047542	1	1
DTXSID9047469	0	0
DTXSID9047592	1	1
DTXSID9047594	0	0
DTXSID9047598	0	0
DTXSID9047623	0	0
DTXSID9047673	1	1
DTXSID9047677	0	0
DTXSID9047704	1	1
DTXSID9047675	0	0
DTXSID9047679	0	0
DTXSID9047706	0	0
DTXSID9047700	0	0
DTXSID9047881	1	1
DTXSID9047889	1	1
DTXSID9047833	1	1
DTXSID9047910	1	0
DTXSID9047912	0	0
DTXSID9047835	1	0
DTXSID9047837	0	0
DTXSID9047914	0	0
DTXSID9047839	1	1
DTXSID9047968	0	0
DTXSID9048192	0	0
DTXSID9048194	0	0
DTXSID9048190	0	0
DTXSID9048198	0	0
DTXSID9048510	1	1
DTXSID9047966	0	0
DTXSID9048196	0	0
DTXSID9048512	1	1
DTXSID9047964	0	0
DTXSID9048778	0	0
DTXSID9048805	0	0
DTXSID9048518	0	0
DTXSID9048649	1	0
DTXSID9047916	1	1
DTXSID9048514	0	0
DTXSID9048803	0	0
DTXSID9048851	0	0
DTXSID9047918	1	1
DTXSID9048695	1	0
DTXSID9048516	0	0
DTXSID9048691	0	0
DTXSID9048807	0	0
DTXSID9048809	0	0
DTXSID9048801	1	0
DTXSID9048693	0	0
DTXSID9049035	0	0
DTXSID9049037	0	0
DTXSID9048722	0	0
DTXSID9048728	1	1
DTXSID9048774	0	0
DTXSID9049039	0	0
DTXSID9048853	0	0
DTXSID9049083	0	0
DTXSID9048855	0	0
DTXSID9048859	1	0
DTXSID9048932	1	0
DTXSID9048934	0	0
DTXSID9049241	0	0
DTXSID9048930	1	1
DTXSID9049243	1	1
DTXSID9048936	1	1
DTXSID9048938	1	0
DTXSID9049370	0	0
DTXSID9049322	0	0
DTXSID9049372	0	0
DTXSID9049245	1	0
DTXSID9049374	0	0
DTXSID9049293	0	0
DTXSID9049295	0	0
DTXSID9049376	0	0
DTXSID9049247	0	0
DTXSID9049299	1	1
DTXSID9049320	0	0
DTXSID9049324	0	0
DTXSID9049297	1	1
DTXSID9049291	0	0
DTXSID9049378	0	0
DTXSID9049401	1	1
DTXSID9049403	0	0
DTXSID9049407	0	0
DTXSID9049405	0	0
DTXSID9051454	0	0
DTXSID9049409	0	0
DTXSID9051618	0	0
DTXSID9057630	0	0
DTXSID9051662	0	0
DTXSID9051824	0	0
DTXSID9051907	0	0
DTXSID9057634	0	0
DTXSID9057636	0	0
DTXSID9057846	0	0
DTXSID9057711	0	0
DTXSID9057713	0	0
DTXSID9057848	0	0
DTXSID9057769	0	0
DTXSID9057719	1	0
DTXSID9057638	1	1
DTXSID9057680	0	0
DTXSID9057761	0	0
DTXSID9057763	0	0
DTXSID9057765	0	0
DTXSID9057898	0	0
DTXSID9057682	1	0
DTXSID9057840	1	1
DTXSID9057842	1	1
DTXSID9057715	1	0
DTXSID9057844	1	0
DTXSID9057686	0	0
DTXSID9057688	0	0
DTXSID9057767	0	0
